,22089,867,633,495,1962,583,1577,1528,2413,1786,1172,471,378,1893,2124,1013,86176,1632,1347,2225,1999,21491,428,743,1794,537
22089,0.0,1863.836626,1607.240923,759.368909,1063.66617,1107.671087,1939.342298,1173.116707,1291.342495,1246.629683,1224.96394,598.059348,1203.657744,1355.006337,1546.25555,1919.358654,1637.264081,1831.474988,2017.41204,1556.694093,1274.345777,1621.818564,239.3205,1498.179648,1849.336185,1140.393353
867,1875.551953,0.0,2675.18152,1170.926089,2057.392276,756.16554,2823.141755,1809.940849,1673.992293,1872.295803,856.576197,1265.777279,1049.186385,1418.05081,2494.742437,55.522028,2504.078418,482.626652,196.461311,1374.949158,1502.920153,3057.997203,1624.516127,365.656978,2733.135643,791.09824
633,1618.956249,2675.18152,0.0,1647.051123,1139.940413,1919.01598,646.67106,1158.106781,1691.109752,1269.324953,2030.117498,1571.068331,2176.666726,1795.452129,1017.299349,2730.703547,1698.509913,2636.628546,2828.756934,2017.616631,1714.791569,613.04541,1367.920423,2309.524542,741.96893,1951.738246
495,771.084236,1170.926089,1647.051123,0.0,1438.397102,414.76055,2113.990928,1190.945675,1137.564697,1253.300629,536.716671,161.309562,716.508582,906.016621,1875.747264,1226.448117,2031.275644,1143.227719,1324.501503,1023.895777,932.526399,1953.529486,520.04841,805.269111,2097.572718,447.482816
1962,1098.512807,2057.392276,1139.940413,1438.397102,0.0,1710.361959,875.676128,247.451427,551.16934,223.235243,1269.574765,1297.297721,1902.896117,716.929972,482.58938,2052.502422,713.416511,1654.875446,2000.63283,897.345827,626.343181,1649.806202,938.558873,1835.777897,785.670015,1743.084225
583,1119.386413,756.16554,1919.01598,414.76055,1710.361959,0.0,2385.955785,1462.910533,1408.341414,1525.265486,538.881465,509.611739,391.951892,1152.399932,2147.712121,811.687568,2238.427539,873.759677,909.740954,1109.298279,1204.491257,2301.831664,868.350587,390.508562,2369.537575,56.727214
1577,1974.188935,2823.141755,646.67106,2113.990928,875.676128,2385.955785,0.0,1013.200907,1367.937429,1010.114851,2035.324245,2038.008136,2643.606531,1579.511116,573.160918,2818.251902,1294.808088,2475.424909,2821.182292,1708.997455,1488.924325,1160.891183,1814.235,2601.527377,179.354675,2418.678051
1528,1184.832033,1809.940849,1158.106781,1190.945675,247.451427,1462.910533,1013.200907,0.0,616.406301,148.832685,1022.123339,1136.944114,1742.54251,680.070143,684.801589,1805.050996,960.867938,1569.190816,1876.638655,902.234645,599.409583,1667.97257,933.796207,1588.32647,923.194794,1495.632799
2413,1303.057821,1673.992293,1691.109752,1137.564697,551.16934,1408.341414,1367.937429,616.406301,0.0,484.119703,928.651115,1150.329212,1705.528232,309.93151,889.755266,1669.102439,894.850024,1251.633579,1597.390962,370.039797,219.344719,2200.975542,1052.021995,1463.633146,1218.711286,1441.06368
1786,1259.007626,1872.295803,1269.324953,1253.300629,223.235243,1525.265486,1010.114851,148.832685,484.119703,0.0,1084.478292,1211.119708,1816.718103,569.396265,681.715533,1867.405949,873.445952,1465.310058,1811.067441,798.353887,478.809474,1779.190742,1007.971801,1650.681424,920.108739,1557.987753
1172,1236.679266,856.576197,2030.117498,536.716671,1269.574765,538.881465,2035.324245,1022.123339,928.651115,1084.478292,0.0,651.982824,861.661981,672.709633,1706.924927,851.686343,1758.73724,657.700366,923.274002,629.60798,757.578976,2419.124517,985.64344,594.173196,1945.318132,571.603731
471,609.774674,1265.777279,1571.068331,161.309562,1304.083879,509.611739,2038.008136,1136.944114,1150.329212,1211.119708,651.982824,0.0,605.598396,918.781136,1786.673259,1321.299306,1877.681789,1258.493872,1419.352692,1063.58583,945.290914,1792.219925,358.738849,900.120301,2021.589925,542.334005
378,1014.02958,1049.186385,2176.666726,716.508582,1909.682275,391.951892,2643.606531,1742.54251,1705.528232,1816.718103,861.661981,605.598396,0.0,1473.980156,2392.271654,1104.708412,2483.280185,1166.780522,1202.761798,1432.078796,1500.489934,2330.555517,964.337244,683.529407,2627.188321,347.537625
1893,1366.721663,1418.05081,1795.452129,906.016621,716.929972,1152.399932,1579.511116,680.070143,309.93151,569.396265,672.709633,918.781136,1473.980156,0.0,1198.612097,1413.160957,1203.706855,995.692097,1341.44948,328.735926,90.586791,2305.317918,1115.685837,1207.691664,1489.505003,1185.122198
2124,1581.102187,2494.742437,1017.299349,1875.747264,482.58938,2147.712121,573.160918,684.801589,889.755266,681.715533,1706.924927,1779.887101,2385.485496,1198.612097,0.0,2489.852584,721.647171,2112.409074,2458.166457,1230.815292,1108.025306,1527.165138,1421.148253,2273.128059,393.806243,2180.434387
1013,1931.07398,55.522028,2730.703547,1226.448117,2052.502422,811.687568,2818.251902,1805.050996,1669.102439,1867.405949,851.686343,1321.299306,1104.708412,1413.160957,2489.852584,0.0,2499.188564,477.736798,191.571458,1370.059304,1498.0303,3113.519231,1680.038154,421.179006,2728.245789,846.620267
86176,1557.088629,2470.72888,1270.441374,1851.733706,458.575822,2123.698563,925.270273,660.788031,865.741708,657.701976,1682.911369,1755.873543,2361.471938,1174.598539,447.08811,2465.839026,0.0,2088.395516,2434.1529,1206.801734,1084.011748,1780.307164,1397.134695,2249.114501,776.04413,2156.420829
1632,1843.190314,482.626652,2636.628546,1143.227719,1654.875446,873.759677,2475.424909,1569.190816,1251.633579,1465.310058,657.700366,1258.493872,1166.780522,995.692097,2112.409074,477.736798,2081.719704,0.0,345.757384,952.590444,1080.56144,3025.635565,1592.154488,549.355831,2385.418796,908.692377
1347,2029.127366,196.461311,2828.756934,1324.501503,2000.63283,909.740954,2821.182292,1876.638655,1597.390962,1811.067441,923.274002,1419.352692,1202.761798,1341.44948,2458.166457,191.571458,2427.477087,345.757384,0.0,1298.347827,1426.318823,3211.572617,1778.09154,519.232392,2731.176179,944.673653
2225,1568.409419,1374.949158,2017.616631,1023.895777,897.345827,1109.298279,1708.997455,902.234645,370.039797,798.353887,629.60798,1063.58583,1432.078796,328.735926,1230.815292,1370.059304,1200.125921,952.590444,1298.347827,0.0,381.318253,2527.48242,1317.373593,1164.590011,1559.771312,1142.020545
1999,1286.061103,1502.920153,1714.791569,932.526399,626.343181,1204.491257,1488.924325,599.409583,219.344719,478.809474,757.578976,945.290914,1500.489934,90.586791,1108.025306,1498.0303,1113.120064,1080.56144,1426.318823,381.318253,0.0,2224.657359,1035.025277,1292.561007,1398.918212,1237.213523
21491,1631.442633,3057.997203,613.04541,1953.529486,1649.806202,2301.831664,1160.891183,1667.97257,2200.975542,1779.190742,2419.124517,1792.219925,2330.555517,2305.317918,1527.165138,3113.519231,2208.375702,3025.635565,3211.572617,2527.48242,2224.657359,0.0,1433.481077,2692.340225,1256.189052,2334.55393
428,251.035826,1624.516127,1367.920423,520.04841,945.345031,868.350587,1821.021158,933.796207,1052.021995,1007.971801,985.64344,358.738849,964.337244,1115.685837,1427.934411,1680.038154,1518.942941,1592.154488,1778.09154,1317.373593,1035.025277,1433.481077,0.0,1258.859149,1731.015045,901.072853
743,1509.894975,365.656978,2309.524542,805.269111,1835.777897,390.508562,2601.527377,1588.32647,1463.633146,1650.681424,594.173196,900.120301,683.529407,1207.691664,2273.128059,421.179006,2293.719271,549.355831,519.232392,1164.590011,1292.561007,2692.340225,1258.859149,0.0,2511.521264,425.441262
1794,1884.182822,2733.135643,741.96893,2097.572718,785.670015,2369.537575,179.354675,923.194794,1218.711286,920.108739,1945.318132,2021.589925,2627.188321,1489.505003,393.806243,2728.245789,1115.453413,2385.418796,2731.176179,1559.771312,1398.918212,1256.189052,1724.228887,2511.521264,0.0,2402.259841
537,1152.108679,791.09824,1951.738246,447.482816,1743.084225,56.727214,2418.678051,1495.632799,1441.06368,1557.987753,571.603731,542.334005,347.537625,1185.122198,2180.434387,846.620267,2271.149805,908.692377,944.673653,1142.020545,1237.213523,2334.55393,901.072853,425.441262,2402.259841,0.0
