,10399,6580,6160,11818,10330,87340,11046,7874,257,12019,4740,10192,11320,11224,7966,7866,10078,4792,3551,2803,84804,2621,3517,10665,86202,8760,11225,3522,4763,7683,10469,10617,12155,10234,3375,12710,8395,4216,5697,7927,12213,84817,10503,11698,10210,4056,6149,11446,10261,7037,3923
10399,0.0,841.310108,894.099432,820.399789,137.335087,708.102827,488.182611,885.539035,3897.190912,864.045298,1494.909163,2063.391738,675.159466,1351.333826,1633.246349,508.53141,793.789127,1326.397305,2118.289488,2045.700838,662.23544,1936.553159,1759.992173,81.603458,1539.422537,376.281037,1425.763633,1637.349334,1468.875892,835.574364,889.122751,424.521084,974.428101,868.561437,1753.042575,1950.331788,872.799343,1487.069909,1018.802013,1809.725283,951.817466,413.625738,1200.284498,514.495954,465.440486,1784.876179,972.916864,329.246107,177.808258,683.271623,2007.060756
6580,841.310108,0.0,321.759151,1504.325349,846.426898,1392.028386,1193.986341,857.062086,3259.974653,1547.970857,719.192004,2516.200219,1359.085026,1963.373149,1950.521936,427.420307,1246.597608,784.760115,1633.545939,1269.983678,643.208929,1160.836,1218.354983,922.913566,763.705377,623.311248,2037.802955,861.632174,759.226237,778.309552,1532.146076,1130.324814,1617.451426,1363.285991,977.325416,2562.371111,647.679089,711.352749,243.084853,2262.533764,1635.743026,1187.985079,1812.323821,1318.019165,1126.422974,1243.238988,197.199704,1047.600895,853.741302,316.421256,1629.655694
6160,894.099432,321.759151,0.0,1398.731902,807.84,1286.43494,1155.399442,741.874033,3060.394504,1442.377411,801.168815,2410.606773,1253.49158,1857.779702,1788.204366,385.568023,1141.004161,489.600897,1338.386721,1233.463796,830.762447,1194.253215,923.195765,975.70289,786.12813,581.460703,1932.209509,895.04939,841.203048,663.121499,1426.552629,1091.737915,1511.857979,1257.692544,1010.742631,2456.777664,835.232607,733.775502,200.944497,2156.940317,1530.14958,1307.725169,1706.730374,1408.595386,1087.836076,948.07977,124.559447,1015.064283,815.154403,210.827809,1334.496476
11818,820.399789,1504.325349,1398.731902,0.0,683.064702,236.677896,448.09391,862.324825,3678.799603,85.700703,2157.924403,1588.95996,241.548985,871.064751,1162.713278,1102.048598,348.366839,1656.567842,1895.107658,2175.347924,1347.12885,2345.414756,1659.355818,902.003246,2074.973106,1002.21686,945.494557,2162.335072,2153.769303,914.767298,408.853675,490.070976,225.638815,388.292362,2104.300514,1470.062713,1557.692753,2022.620478,1599.676398,1584.700685,131.417678,1234.025526,720.015423,1281.766813,536.030473,1566.484869,1523.291349,751.929254,672.462218,1248.764012,1783.878926
10330,137.335087,846.426898,807.84,683.064702,0.0,570.76774,350.847524,762.96675,3764.646345,726.710211,1500.025953,1926.056651,537.824379,1213.998739,1495.911262,422.271978,656.45404,1240.137873,1980.954401,1984.000772,667.35223,1941.669949,1673.732741,218.938545,1536.665106,322.44024,1288.428546,1642.466124,1473.992683,713.002079,751.787664,287.185997,837.093014,731.22635,1758.159365,1812.996701,877.916133,1484.312478,981.31789,1672.390196,814.482379,550.960825,1062.949411,651.831041,328.105399,1652.331611,932.399446,258.299938,40.473171,597.012191,1869.725669
87340,708.102827,1392.028386,1286.43494,236.677896,570.76774,0.0,284.339537,1024.440641,3844.579838,170.213255,2045.627441,1754.740195,163.362262,1036.844986,1328.493513,989.751636,514.147074,1718.732813,2060.887894,2341.12816,1234.831888,2423.385132,1825.136053,789.706284,2015.260046,889.919898,1111.274793,2124.181306,2041.472341,974.47597,574.63391,354.071305,356.395007,554.072597,2239.874547,1635.842948,1445.395791,1962.907419,1487.379436,1750.48092,262.173871,1121.728564,885.795658,1059.3597,423.733511,1732.265104,1410.994387,529.522142,560.165255,1136.46705,1949.659161
11046,488.182611,1193.986341,1155.399442,448.09391,350.847524,284.339537,0.0,969.600942,3793.46487,440.282007,1847.585396,1714.477928,251.396176,996.582719,1288.231246,769.83142,473.884807,1587.697316,2009.772925,2290.013192,1014.911673,2289.229392,1774.021085,569.786069,1884.224549,669.999682,1071.012526,1990.025567,1821.552125,919.636271,534.371643,69.731768,619.676993,513.81033,2105.718808,1595.580681,1225.475576,1831.871921,1328.877332,1701.20872,532.242623,901.808349,845.533391,980.008248,216.726105,1681.150136,1279.958889,375.452363,340.24504,944.571634,1898.544193
7874,885.539035,857.062086,741.874033,862.324825,762.801104,1024.440641,969.600942,0.0,3226.442597,948.025527,1510.661141,1857.229028,944.957658,1304.401957,1269.575436,495.97062,587.626416,1082.88082,1442.750653,1722.355415,908.65391,1811.54513,1206.998812,967.142493,1403.420045,586.894048,1378.831764,1512.341305,1550.695374,78.752534,873.174884,964.3443,958.480235,704.314799,1586.118959,1903.399919,1007.739094,1351.067417,942.81853,1603.562572,993.742502,1252.047069,1153.352629,1363.630284,859.615073,1114.127863,866.43348,1006.503886,722.327933,601.500749,1331.52192
257,3897.190912,3259.974653,3060.394504,3678.799603,3764.646345,3844.579838,3793.46487,3226.442597,0.0,3764.500305,3008.206519,3329.965354,3761.432435,3450.585364,3013.003654,3388.659503,3404.101194,2601.189895,2055.121097,2205.412024,3673.959767,2169.355702,2146.304134,3978.79437,2537.028521,3584.552183,3525.01517,2468.559527,3048.240752,3148.929769,3598.714069,3817.887164,3774.955012,3520.789577,2410.469944,3612.132476,3678.429927,2589.381148,3084.328215,2914.637379,3810.21728,4218.735917,3399.478331,4359.094519,3683.479001,2170.126299,3138.535312,4018.155763,3754.043861,3213.91929,2208.019701
12019,864.045298,1547.970857,1442.377411,85.700703,726.710211,170.213255,440.282007,948.025527,3764.500305,0.0,2201.569912,1674.660662,277.160817,956.765453,1248.41398,1145.694107,434.067541,1742.268544,1980.80836,2261.048626,1390.774359,2431.115458,1745.05652,945.648755,2160.673808,1045.862369,1031.19526,2248.035774,2197.414812,1000.468,494.554377,510.013775,206.644704,473.993064,2190.001216,1555.763415,1601.338262,2108.32118,1643.321907,1670.401387,112.423567,1277.671035,805.716125,1215.302171,579.675982,1652.185571,1566.936858,685.464613,716.107726,1292.409521,1869.579628
4740,1494.909163,719.192004,801.168815,2157.924403,1500.025953,2045.627441,1847.585396,1510.661141,3008.206519,2201.569912,0.0,3044.885244,2012.684081,2616.972203,2480.094851,1081.019362,1900.196662,844.822235,1408.120022,1007.398447,1004.188859,898.250769,1031.296088,1479.374024,509.394116,1276.910303,2691.40201,599.046943,40.034234,1431.908607,2185.74513,1783.923868,2271.050481,2016.885045,714.740184,3215.970165,1008.659019,457.041488,699.610529,2785.924382,2289.342081,1548.965009,2465.922875,1693.448409,1780.022029,1090.740973,676.609368,1701.19995,1507.340356,970.02031,1470.263426
10192,2041.101725,2460.849858,2355.256412,1588.95996,1903.766638,1754.740195,1714.477928,1834.939014,3329.965354,1674.660662,3044.885244,0.0,1671.592792,957.780623,997.201906,2073.990552,1472.850064,2277.875539,2118.489129,2762.490371,2356.033845,2947.193135,2246.498265,2122.705183,2692.968697,1974.158814,970.248881,2766.176179,3084.919477,1887.381487,1290.959523,1738.900222,1564.589925,1397.129602,2708.141621,443.461258,2566.597748,2722.163841,2556.200908,421.519054,1720.377637,2454.727462,976.55831,2555.597679,1784.85972,2095.815751,2479.815859,2061.483085,1893.164154,2205.288522,1939.821029
11320,675.159466,1359.085026,1253.49158,241.548985,537.824379,163.362262,251.396176,944.957658,3761.432435,277.160817,2012.684081,1671.592792,0.0,953.697584,1245.346111,956.808275,430.999672,1685.789453,1977.740491,2257.980757,1201.888528,2390.441771,1741.988651,756.762924,1982.316686,856.976537,1028.12739,2091.237946,2008.52898,941.53261,491.486508,321.127944,467.187799,470.925195,2186.933347,1552.695546,1412.452431,1929.964058,1454.436076,1667.333518,372.966662,1088.785204,802.648256,1180.879155,390.790151,1649.117702,1378.051026,616.471719,527.221895,1103.523689,1866.511759
11224,1351.333826,1936.257947,1830.664501,871.064751,1213.998739,1036.844986,996.582719,1310.347104,3450.585364,956.765453,2589.857002,957.780623,953.697584,0.0,558.992962,1549.398642,754.954855,1856.463222,1762.712863,2341.078055,1831.441934,2525.780819,1825.085948,1432.937284,2271.55638,1449.566903,74.429807,2344.763863,2629.891235,1362.789576,555.100027,1021.005014,833.410221,679.234393,2286.729304,801.941687,2042.005837,2300.751525,2031.608997,1009.777993,1002.482428,1764.959564,224.231933,1861.088879,1066.964511,1674.403435,1955.223948,1343.587876,1203.396255,1680.696611,1584.044762
7966,1642.982354,1950.521936,1791.608869,1162.713278,1505.647267,1328.493513,1288.231246,1269.575436,3013.003654,1248.41398,2480.094851,997.201906,1245.346111,558.992962,0.0,1586.92995,883.107168,1713.085146,1553.698737,2197.699978,1959.594246,2382.402743,1681.707872,1724.585812,2128.178304,1577.719216,623.948567,2201.385787,2520.129085,1331.380898,864.712842,1312.653541,1138.343243,892.399462,2143.351228,878.304659,2098.698425,2157.373449,1992.553365,853.62381,1294.130956,2056.608091,574.257997,2152.737406,1308.050194,1531.025358,1916.168315,1635.236403,1495.044783,1694.960599,1375.030636
7866,508.53141,427.420307,385.568023,1102.048598,422.271978,989.751636,769.83142,495.97062,3388.659503,1145.694107,1081.019362,2142.793787,956.808275,1589.966716,1586.92995,0.0,883.005623,817.865896,1666.65172,1561.728795,510.793076,1522.518214,1251.460764,590.134868,1114.393129,195.89268,1664.396523,1223.314389,1121.053595,446.005949,1168.55409,706.169893,1253.859441,999.694006,1339.00763,2188.964678,609.87826,1062.040501,559.045913,1889.127331,1233.466275,922.157147,1438.917388,1023.027364,702.268054,1276.344769,510.127469,629.496261,429.586381,174.740214,1640.052625
10078,793.789127,1246.597608,1141.004161,348.366839,656.45404,514.147074,473.884807,587.626416,3404.101194,434.067541,1900.196662,1472.850064,430.999672,754.954855,883.107168,883.005623,0.0,1381.869433,1620.40925,1900.649516,1137.296116,2070.716347,1384.65741,875.392585,1800.274698,792.384126,829.384662,1887.636664,1940.230896,640.068889,330.126801,498.307102,416.114362,131.945206,1829.602105,1353.952817,1347.860019,1747.92207,1341.948657,1305.094575,479.784516,1207.414864,603.905527,1308.285081,424.943027,1291.78646,1265.563608,820.889964,645.851556,991.036271,1509.180518
4792,1326.397305,784.760115,489.600897,1656.567842,1240.137873,1718.732813,1587.697316,1082.88082,2601.189895,1742.268544,844.822235,2277.875539,1685.789453,1856.463222,1713.085146,817.865896,1381.869433,0.0,879.182112,751.448179,1233.249176,793.020396,463.991156,1408.000763,515.74299,1013.758576,1930.893029,609.940712,884.856468,1004.128286,1667.417901,1524.035788,1752.723251,1498.557816,551.906154,2455.461184,1237.719337,544.938134,579.43293,2018.914677,1787.985519,1740.023043,1705.413894,1840.893259,1520.133949,488.875161,590.410483,1447.362156,1247.452276,643.125683,875.291867
3551,2117.130691,1633.545939,1338.386721,1895.107658,1980.954401,2060.887894,2009.772925,1442.750653,2066.192161,1980.80836,1408.120022,2118.489129,1977.740491,1762.712863,1553.698737,1666.65172,1620.40925,879.182112,0.0,873.649446,2071.320485,1058.35221,449.651753,2198.734148,936.942024,1845.742209,1837.142669,949.217229,1448.154255,1365.237825,1699.855595,2034.19522,1973.485996,1679.582483,891.182671,2361.710824,2075.790645,989.294652,1428.218754,1847.243068,2026.525336,2467.427534,1611.663534,2579.010749,1899.787057,390.306951,1439.196307,2239.254339,1970.351917,1491.911507,178.668101
2803,2045.700838,1269.983678,1233.463796,2175.347924,1984.000772,2341.12816,2290.013192,1722.355415,2205.412024,2261.048626,1007.398447,2762.490371,2257.980757,2341.078055,2197.699978,1561.728795,1900.649516,751.448179,873.649446,0.0,1683.968792,184.702765,522.293872,2039.814225,601.790893,1757.621475,2415.507861,408.351505,1047.432681,1643.602881,2186.197984,2267.898687,2271.503334,2017.337899,350.261921,2940.076016,1688.438953,632.967055,1149.090587,2502.429306,2306.765602,2228.744942,2190.028727,2369.103544,2180.027323,666.674621,1203.297684,2191.225055,1991.315175,1386.988582,935.79285
84804,662.23544,643.208929,830.762447,1347.12885,667.35223,1234.831888,1014.911673,908.65391,3673.959767,1390.774359,1004.188859,2383.076061,1201.888528,1830.24899,1952.930671,510.793076,1137.296116,1233.249176,2071.320485,1683.968792,0.0,1574.821114,1663.72279,632.699338,1177.690491,561.915556,1904.678797,1275.617288,964.154626,858.689239,1415.851812,951.250145,1501.157162,1253.984499,1391.310529,2429.246952,264.234242,1125.337863,752.08815,2129.409605,1478.546528,660.184688,1679.199662,771.767903,947.348306,1691.72805,706.203,868.526226,674.666633,641.787984,2061.559725
2621,1936.553159,1160.836,1194.253215,2345.414756,1941.669949,2423.385132,2289.229392,1811.54513,2169.355702,2431.115458,898.250769,2947.193135,2390.441771,2525.780819,2382.402743,1522.518214,2070.716347,793.020396,1058.35221,184.702765,1574.821114,0.0,706.996637,1930.666546,498.294478,1718.410894,2600.210626,299.203826,938.285002,1732.792596,2356.264815,2225.567864,2441.570165,2187.40473,241.114243,3124.778781,1579.291274,523.819376,1041.917412,2687.13207,2476.832433,2119.597264,2374.731491,2259.955865,2221.666025,851.377385,1118.253364,2142.843946,1948.984352,1347.778001,1120.495614
3517,1759.992173,1218.354983,923.195765,1659.355818,1673.732741,1825.136053,1774.021085,1206.998812,2146.304134,1745.05652,1031.296088,2246.498265,1741.988651,1825.085948,1681.707872,1251.460764,1384.65741,463.991156,449.651753,522.293872,1663.72279,706.996637,0.0,1841.595631,560.11809,1447.353444,1899.515755,590.803105,1071.330321,1129.485985,1670.205877,1798.44338,1755.511228,1501.345793,532.768547,2424.08391,1668.192951,612.470718,1013.027798,1987.537403,1790.773496,2173.617911,1674.03662,2274.488127,1664.035217,150.682514,1024.005352,1880.957024,1681.047144,1076.720551,511.795157
10665,81.603458,922.913566,975.70289,902.003246,218.938545,789.706284,569.786069,967.142493,3978.79437,945.648755,1479.374024,2144.995196,756.762924,1432.937284,1714.849806,590.134868,875.392585,1408.000763,2199.892946,2039.814225,632.699338,1930.666546,1841.595631,0.0,1533.535924,457.884495,1507.367091,1631.462721,1439.33979,917.177822,970.726209,506.124541,1056.031559,950.164895,1747.155962,2031.935246,843.263241,1481.183296,1100.405471,1891.32874,1033.420924,372.273876,1281.887956,473.144092,547.043943,1866.479636,1054.520321,402.755136,259.411716,764.875081,2088.664214
86202,1539.422537,763.705377,786.12813,2074.973106,1536.665106,2015.260046,1884.224549,1403.420045,2537.028521,2160.673808,509.394116,2692.968697,1982.316686,2271.55638,2128.178304,1114.393129,1800.274698,515.74299,936.942024,601.790893,1177.690491,498.294478,560.11809,1533.535924,0.0,1310.285809,2345.986187,199.090652,549.428349,1324.667511,2085.823165,1820.563021,2171.128516,1916.963081,271.020793,2870.554342,1182.160651,52.352628,633.792326,2434.007835,2206.390784,1722.466641,2120.507052,1862.825243,1816.661182,619.562975,710.177376,1743.889389,1543.979509,939.652916,999.085428
8760,376.281037,623.311248,581.460703,1002.21686,322.44024,889.919898,669.999682,586.894048,3584.552183,1045.862369,1276.910303,2042.962049,856.976537,1490.134978,1612.816659,195.89268,792.384126,1013.758576,1845.742209,1757.621475,561.915556,1718.410894,1447.353444,457.884495,1310.285809,0.0,1564.564785,1419.207069,1268.953245,536.929377,1070.939822,606.338155,1156.245172,909.072509,1534.90031,2089.13294,672.876696,1257.933181,754.938592,1789.295593,1133.634537,788.23403,1339.08565,890.776991,602.436316,1472.237449,706.020149,529.664523,329.754643,370.632894,1739.799863
11225,1425.763633,2010.687754,1905.094308,945.494557,1288.428546,1111.274793,1071.012526,1384.77691,3525.01517,1031.19526,2664.286809,970.248881,1028.12739,74.429807,623.948567,1623.828448,829.384662,1930.893029,1837.142669,2415.507861,1905.87174,2600.210626,1899.515755,1507.367091,2345.986187,1523.99671,0.0,2419.19367,2704.321042,1437.219383,629.529834,1095.43482,907.840028,753.664199,2361.159111,727.511881,2116.435643,2375.181331,2106.038804,1081.728535,1076.912235,1839.389371,298.66174,1935.518685,1141.394318,1748.833241,2029.653754,1418.017683,1277.826062,1755.126417,1658.474569
3522,1637.349334,861.632174,895.04939,2162.335072,1642.466124,2124.181306,1990.025567,1512.341305,2468.559527,2248.035774,599.046943,2766.176179,2091.237946,2344.763863,2201.385787,1223.314389,1887.636664,609.940712,949.217229,408.351505,1275.617288,299.203826,590.803105,1631.462721,199.090652,1419.207069,2419.19367,0.0,639.081177,1433.588771,2173.185132,1926.364039,2258.490482,2004.325047,115.693242,2943.761825,1280.087449,224.615551,742.713586,2507.215318,2293.75275,1820.393438,2193.714535,1960.75204,1922.4622,670.360429,819.049539,1843.64012,1649.780527,1048.574176,1011.360633
4763,1468.875892,759.226237,841.203048,2153.769303,1473.992683,2041.472341,1821.552125,1550.695374,3048.240752,2197.414812,40.034234,3084.919477,2008.52898,2636.889443,2520.129085,1121.053595,1940.230896,884.856468,1448.154255,1047.432681,964.154626,938.285002,1071.330321,1439.33979,549.428349,1268.953245,2711.319249,639.081177,0.0,1471.94284,2222.492265,1757.890598,2307.797615,2056.919279,754.774418,3235.887405,968.624786,497.075722,739.644762,2825.958616,2285.18698,1508.930776,2485.840115,1653.414175,1753.988758,1130.775206,716.643602,1675.166679,1481.307086,1010.054544,1510.297659
7683,835.574364,778.309552,663.121499,914.767298,712.836433,974.47597,919.636271,78.752534,3148.929769,1000.468,1431.908607,1909.671501,941.53261,1356.84443,1331.380898,446.005949,640.068889,1004.128286,1365.237825,1643.602881,858.689239,1732.792596,1129.485985,917.177822,1324.667511,536.929377,1431.274237,1433.588771,1471.94284,0.0,925.617357,914.379629,1010.922707,756.757272,1507.366425,1955.842392,957.774424,1272.314883,864.065996,1656.005045,1046.184975,1202.082398,1205.795102,1313.665613,809.650402,1036.615035,787.680946,956.539215,672.363263,522.748215,1323.694163
10469,889.122751,1532.146076,1426.552629,408.853675,751.787664,574.63391,534.371643,873.174884,3604.136745,494.554377,2185.74513,1290.959523,491.486508,555.100027,864.712842,1164.101515,330.126801,1667.417901,1699.855595,2186.197984,1415.851812,2356.264815,1670.205877,970.726209,2085.823165,1064.269777,629.529834,2173.185132,2222.492265,925.617357,0.0,558.793938,384.48364,217.023317,2115.150573,1172.062276,1626.415715,2033.470538,1627.497125,1286.700249,540.271353,1302.748488,422.014987,1398.877803,604.753435,1561.773408,1551.112076,881.3768,741.18518,1276.584739,1541.776569
10617,424.521084,1130.324814,1091.737915,490.070976,287.185997,354.071305,69.731768,964.3443,3817.887164,510.013775,1783.923868,1738.900222,321.127944,1021.005014,1312.653541,706.169893,498.307102,1524.035788,2034.19522,2267.898687,951.250145,2225.567864,1798.44338,506.124541,1820.563021,606.338155,1095.43482,1926.364039,1757.890598,914.379629,558.793938,0.0,644.099288,538.232625,2042.05728,1620.002976,1161.814048,1768.210393,1265.215805,1725.631015,601.974391,838.146821,869.955686,934.276136,186.247147,1705.572431,1216.297362,399.912866,276.583513,880.910106,1922.966488
12155,974.428101,1617.451426,1511.857979,225.638815,837.093014,356.395007,619.676993,958.480235,3774.955012,206.644704,2271.050481,1564.589925,467.187799,833.410221,1138.343243,1253.859441,416.114362,1752.723251,1973.485996,2271.503334,1501.157162,2441.570165,1755.511228,1056.031559,2171.128516,1156.245172,907.840028,2258.490482,2307.797615,1010.922707,384.48364,644.099288,0.0,363.922327,2200.455923,1445.692678,1711.721065,2118.775888,1712.802476,1560.33065,251.134789,1388.053839,695.645388,1401.483924,690.058786,1662.640278,1636.417426,871.646365,826.49053,1361.890089,1815.40697
10234,868.561437,1363.285991,1257.692544,388.292362,731.22635,554.072597,513.81033,704.314799,3520.789577,473.993064,2016.885045,1397.129602,470.925195,679.234393,892.399462,999.694006,131.945206,1498.557816,1679.582483,2017.337899,1253.984499,2187.40473,1501.345793,950.164895,1916.963081,909.072509,753.664199,2004.325047,2056.919279,756.757272,217.023317,538.232625,363.922327,0.0,1946.290488,1278.232355,1464.548402,1864.610453,1458.63704,1314.386869,519.710039,1282.187175,528.185065,1378.31649,482.196212,1408.474843,1382.251991,860.815487,720.623866,1107.724654,1521.503457
3375,1753.042575,977.325416,1010.742631,2104.300514,1758.159365,2239.874547,2105.718808,1586.118959,2410.469944,2190.001216,714.740184,2708.141621,2186.933347,2286.729304,2143.351228,1339.00763,1829.602105,551.906154,891.182671,350.261921,1391.310529,241.114243,532.768547,1747.155962,271.020793,1534.90031,2361.159111,115.693242,754.774418,1507.366425,2115.150573,2042.05728,2200.455923,1946.290488,0.0,2885.727266,1395.78069,323.373421,858.406827,2449.180759,2235.718191,1936.08668,2135.679976,2076.445281,2038.155441,612.32587,934.74278,1959.333361,1765.473768,1164.267417,953.326075
12710,1950.331788,2535.255909,2429.662463,1470.062713,1812.996701,1635.842948,1595.580681,1909.345065,3612.132476,1555.763415,3188.854964,443.461258,1552.695546,801.941687,878.304659,2148.396603,1353.952817,2455.461184,2361.710824,2940.076016,2430.439895,3124.778781,2424.08391,2031.935246,2870.554342,2048.564865,727.511881,2943.761825,3228.889197,1961.787538,1172.062276,1620.002976,1445.692678,1278.232355,2885.727266,0.0,2641.003798,2899.749487,2630.606959,703.686176,1601.48039,2363.957526,857.661063,2460.086841,1665.962473,2273.401396,2554.221909,1942.585838,1802.394217,2279.694573,2183.042724
8395,872.799343,647.679089,835.232607,1557.692753,877.916133,1445.395791,1225.475576,1007.739094,3678.429927,1601.338262,1008.659019,2593.639964,1412.452431,2040.812893,2098.698425,609.87826,1347.860019,1237.719337,2075.790645,1688.438953,264.234242,1579.291274,1668.192951,843.263241,1182.160651,672.876696,2115.2427,1280.087449,968.624786,957.774424,1626.415715,1161.814048,1711.721065,1464.548402,1395.78069,2639.810855,0.0,1129.808024,756.55831,2339.973508,1689.110431,540.30599,1889.763565,684.78939,1157.912209,1696.19821,710.673161,1079.090129,885.230536,740.873169,2082.614916
4216,1487.069909,711.352749,733.775502,2022.620478,1484.312478,1962.907419,1831.871921,1351.067417,2589.381148,2108.32118,457.041488,2722.163841,1929.964058,2300.751525,2157.373449,1062.040501,1747.92207,544.938134,989.294652,632.967055,1125.337863,523.819376,612.470718,1481.183296,52.352628,1257.933181,2375.181331,224.615551,497.075722,1272.314883,2033.470538,1768.210393,2118.775888,1864.610453,323.373421,2899.749487,1129.808024,0.0,581.439699,2463.20298,2154.038156,1670.114013,2149.702197,1810.472615,1764.308554,671.915603,657.824748,1691.536761,1491.626881,887.300288,1051.438055
5697,1018.802013,243.084853,200.944497,1599.676398,981.31789,1487.379436,1328.877332,942.81853,3084.328215,1643.321907,699.610529,2611.551269,1454.436076,2058.724198,1989.148862,559.045913,1341.948657,579.43293,1428.218754,1149.090587,752.08815,1041.917412,1013.027798,1100.405471,633.792326,754.938592,2133.154005,742.713586,739.644762,864.065996,1627.497125,1265.215805,1712.802476,1458.63704,858.406827,2657.72216,756.55831,581.439699,0.0,2357.884813,1731.094076,1296.8643,1907.67487,1437.222901,1261.313966,1037.911803,76.38505,1188.542173,988.632293,411.772305,1424.328509
7927,1787.435269,2207.183403,2101.589957,1564.25344,1650.100182,1730.033675,1678.918707,1581.272559,2914.637379,1649.954142,2785.924382,421.519054,1646.886273,991.143948,832.431507,1820.324097,1289.555031,2018.914677,1847.243068,2502.429306,2102.367389,2687.13207,1987.537403,1869.038727,2434.007835,1720.492359,1065.573755,2507.215318,2825.958616,1633.715032,1276.489115,1703.341002,1550.119516,1304.175735,2449.180759,703.686176,2312.931292,2463.20298,2302.534453,0.0,1695.671117,2201.061007,1005.550016,2301.931223,1568.932838,1836.854889,2226.149403,1908.40012,1639.497698,1951.622066,1680.860167
12213,951.817466,1635.743026,1530.14958,131.417678,814.482379,262.173871,532.242623,993.742502,3810.21728,112.423567,2289.342081,1720.377637,372.966662,1002.482428,1294.130956,1233.466275,479.784516,1787.985519,2026.525336,2306.765602,1478.546528,2476.832433,1790.773496,1033.420924,2206.390784,1133.634537,1076.912235,2293.75275,2285.18698,1046.184975,540.271353,601.974391,251.134789,519.710039,2235.718191,1601.48039,1689.110431,2154.038156,1731.094076,1716.118363,0.0,1365.443204,851.4331,1307.262787,667.448151,1697.902546,1654.709026,777.425228,803.879895,1380.181689,1915.296604
84817,413.625738,1187.985079,1307.725169,1234.025526,550.960825,1121.728564,901.808349,1260.711085,4218.735917,1277.671035,1548.965009,2476.981012,1088.785204,1764.959564,2046.835623,922.157147,1207.414864,1740.023043,2476.070508,2228.744942,660.184688,2119.597264,2173.617911,372.273876,1722.466641,789.906775,1839.389371,1820.393438,1508.930776,1210.746414,1302.748488,838.146821,1388.053839,1282.187175,1936.08668,2363.957526,540.30599,1670.114013,1296.8643,2223.314557,1365.443204,0.0,1613.910236,175.06163,879.066223,2147.447719,1250.979151,742.871845,591.433996,1096.897361,2364.841776
10503,1200.284498,1785.208619,1679.615173,720.015423,1062.949411,885.795658,845.533391,1159.297775,3404.901007,805.716125,2438.807674,976.55831,802.648256,224.231933,574.257997,1398.349313,603.905527,1705.413894,1611.663534,2190.028727,1680.392605,2374.731491,1674.03662,1281.887956,2120.507052,1298.517575,298.66174,2193.714535,2478.841907,1211.740248,422.014987,869.955686,695.645388,528.185065,2135.679976,857.661063,1890.956508,2149.702197,1880.559669,1008.867196,851.4331,1613.910236,0.0,1710.039551,915.915183,1523.354106,1804.17462,1192.538548,1052.346927,1529.647283,1432.995434
11698,514.495954,1318.019165,1408.595386,1281.766813,651.831041,1059.3597,980.008248,1372.2943,4359.094519,1215.302171,1693.448409,2577.887692,1180.879155,1861.088879,2147.742303,1023.027364,1308.285081,1840.893259,2587.653723,2369.103544,771.767903,2259.955865,2274.488127,473.144092,1862.825243,890.776991,1935.518685,1960.75204,1653.414175,1322.329629,1398.877803,934.276136,1401.483924,1378.31649,2076.445281,2460.086841,684.78939,1810.472615,1437.222901,2324.221237,1307.262787,175.06163,1710.039551,0.0,979.93644,2259.030934,1391.337752,714.603879,692.304212,1197.767577,2476.424991
10210,465.440486,1126.422974,1087.836076,536.030473,328.105399,423.733511,216.726105,859.615073,3683.479001,579.675982,1780.022029,1784.85972,390.790151,1066.964511,1308.050194,702.268054,424.943027,1520.133949,1899.787057,2180.027323,947.348306,2221.666025,1664.035217,547.043943,1816.661182,602.436316,1141.394318,1922.4622,1753.988758,809.650402,604.753435,186.247147,690.058786,482.196212,2038.155441,1665.962473,1157.912209,1764.308554,1261.313966,1591.222852,667.448151,879.066223,915.915183,979.93644,0.0,1571.164267,1212.395522,508.830009,317.502914,877.008267,1788.558325
4056,1784.876179,1243.238988,948.07977,1566.484869,1652.331611,1732.265104,1681.150136,1114.127863,2170.126299,1652.185571,1090.740973,2095.815751,1649.117702,1674.403435,1531.025358,1276.344769,1291.78646,488.875161,390.306951,666.674621,1691.72805,851.377385,150.682514,1866.479636,619.562975,1472.237449,1748.833241,670.360429,1130.775206,1036.615035,1561.773408,1705.572431,1662.640278,1408.474843,612.32587,2273.401396,1696.19821,671.915603,1037.911803,1836.854889,1697.902546,2138.804744,1523.354106,2250.387959,1571.164267,0.0,1048.889357,1905.84103,1641.729127,1101.604556,412.44664
6149,972.916864,197.199704,124.559447,1523.291349,932.399446,1410.994387,1279.958889,866.43348,3138.535312,1566.936858,676.609368,2535.166219,1378.051026,1982.339149,1912.763813,510.127469,1265.563608,590.410483,1439.196307,1203.297684,706.203,1118.253364,1024.005352,1054.520321,710.177376,706.020149,2056.768956,819.049539,716.643602,787.680946,1551.112076,1216.297362,1636.417426,1382.251991,934.74278,2581.337111,710.673161,657.824748,76.38505,2281.499764,1654.709026,1250.979151,1831.289821,1391.337752,1212.395522,1048.889357,0.0,1139.623729,939.713849,335.387256,1435.306062
11446,329.246107,1047.600895,1015.064283,751.929254,258.299938,529.522142,375.452363,1006.503886,4018.155763,685.464613,1701.19995,2061.483085,616.471719,1343.587876,1635.236403,629.496261,820.889964,1447.362156,2239.254339,2191.225055,868.526226,2142.843946,1880.957024,402.755136,1743.889389,529.664523,1418.017683,1843.64012,1675.166679,956.539215,881.3768,399.912866,871.646365,860.815487,1959.333361,1942.585838,1079.090129,1691.536761,1188.542173,1930.690134,777.425228,742.871845,1192.538548,714.603879,508.830009,1905.84103,1139.623729,0.0,298.773109,804.236474,2128.025607
10261,177.808258,853.741302,815.154403,672.462218,40.473171,560.165255,340.24504,722.493579,3754.043861,716.107726,1507.340356,1915.454167,527.221895,1203.396255,1485.308777,429.586381,645.851556,1247.452276,1970.351917,1991.315175,674.666633,1948.984352,1681.047144,259.411716,1543.979509,329.754643,1277.826062,1649.780527,1481.307086,672.528909,741.18518,276.583513,826.49053,720.623866,1765.473768,1802.394217,885.230536,1491.626881,988.632293,1661.787712,803.879895,591.433996,1052.346927,692.304212,317.502914,1641.729127,939.713849,298.773109,0.0,604.326594,1859.123185
7037,683.271623,316.421256,210.827809,1248.764012,597.012191,1136.46705,944.571634,601.500749,3213.91929,1292.409521,970.02031,2260.638882,1103.523689,1707.811812,1694.960599,174.740214,991.036271,643.125683,1491.911507,1386.988582,641.787984,1347.778001,1076.720551,764.875081,939.652916,370.632894,1782.241619,1048.574176,1010.054544,522.748215,1276.584739,880.910106,1361.890089,1107.724654,1164.267417,2306.809774,740.873169,887.300288,411.772305,2006.972427,1380.181689,1096.897361,1556.762484,1197.767577,877.008267,1101.604556,335.387256,804.236474,604.326594,0.0,1465.312412
3923,2005.901958,1629.655694,1334.496476,1783.878926,1869.725669,1949.659161,1898.544193,1331.52192,2219.090765,1869.579628,1470.263426,1939.821029,1866.511759,1584.044762,1375.030636,1640.052625,1509.180518,875.291867,178.668101,935.79285,2061.559725,1120.495614,511.795157,2087.505416,999.085428,1739.799863,1658.474569,1011.360633,1510.297659,1323.694163,1541.776569,1922.966488,1815.40697,1521.503457,953.326075,2183.042724,2082.614916,1051.438055,1424.328509,1680.860167,1915.296604,2356.198801,1432.995434,2467.782016,1788.558325,412.44664,1435.306062,2128.025607,1859.123185,1465.312412,0.0
