,10399,10667,10385,8854,757,7043,10469,10087,11756,12019,10798,7873,10548,8264,4044,11759,5056,6129,8670,11320,4931,6490,87107,7939,10010,9430,2619,7063,5148,790,6865,10051,12099,12214,947,6099,11622,8346,87109,6950,11446,82583,12114,11531,4992,5886,80493,11030,5943,9988,11853
10399,0.0,1384.591296,286.526875,940.467418,2911.079658,989.950893,889.122751,899.704998,1662.591205,864.045298,167.660288,702.100926,1249.077253,510.951538,1497.710238,1603.218319,2114.494209,950.746221,542.97967,675.159466,1224.78885,923.431041,1503.032967,2080.281525,1294.65443,535.907051,2058.55195,1190.111948,1195.857304,2970.996133,741.002522,258.409099,743.467163,1616.915269,2775.907687,2106.182959,815.589811,774.860595,1524.500573,891.867407,329.246107,253.974765,909.210813,468.485824,1228.949971,1046.05039,1006.069608,356.863537,1412.80752,1443.360815,708.611821
10667,1384.591296,0.0,1150.331334,798.764381,2972.270094,1325.620171,606.321784,616.904032,342.076444,990.022923,1250.64121,1436.480693,285.360294,1713.415502,2347.72501,252.756553,1182.023706,2087.343418,1745.443634,986.955053,2352.994159,1637.339895,2367.838541,1152.765977,320.789309,1774.362683,2294.774895,1099.361408,2267.310883,2956.403869,1710.825061,1552.868684,1091.364996,233.804161,2932.63357,1173.712457,899.512242,1977.324559,2378.415205,2094.33137,1376.845346,1195.498428,954.512714,1853.07712,2133.526465,1719.075959,901.579662,1197.994198,1247.218707,197.349206,1119.742048
10385,286.526875,1150.331334,0.0,901.248463,2957.245369,965.494741,654.862789,665.445036,1428.331243,629.785336,256.916129,677.644774,1014.817291,661.972035,1648.730734,1368.958357,2075.275254,1101.766718,694.000167,440.899504,1375.809347,898.974889,1654.053464,2041.062571,1070.130474,722.919217,2118.196224,1150.892993,1346.877801,2941.379145,800.646797,454.804263,509.207201,1382.655307,2835.551962,2066.964005,581.329849,925.881092,1675.52107,1042.887904,383.120265,182.087431,674.950851,755.012699,1288.594246,1021.594238,771.809646,241.283972,1373.588566,1209.100853,474.351859
8854,914.124939,798.764381,874.905985,0.0,2471.291021,552.612967,501.909419,384.419794,1076.764289,776.643811,908.885654,656.924677,663.250337,1005.440087,1745.979002,1017.391404,1311.317461,1340.847749,1094.779682,773.575942,1606.49849,864.332691,1751.901661,1370.437787,555.067305,1123.698732,1793.795823,436.460828,1516.506689,2455.424797,964.329392,967.153005,877.985885,1031.088353,2431.654498,1303.006212,686.133131,1273.25749,1773.369267,1390.264302,1035.08979,739.296529,779.754134,1378.926638,1382.722271,956.259154,784.764885,945.242647,746.239635,810.83179,906.362936
757,2911.079658,2972.270094,2957.245369,2471.291021,0.0,2032.61114,2784.132553,2712.608176,3250.270002,2858.983196,2905.840374,2423.53164,2836.756051,2523.283759,1550.925331,3190.897117,2519.764795,2144.261464,2599.248666,2855.915327,1887.674637,2213.682156,1571.038861,3136.723966,2728.573019,2772.256979,971.640228,2148.652022,1868.859708,416.644886,2170.077137,2799.229021,2960.32527,3204.594067,296.014283,2606.357579,2768.472516,2595.73081,1566.111609,2360.371365,3032.044509,2821.635914,2862.093518,3262.794949,1815.496106,2130.006404,2901.07941,3027.582032,1894.932103,2984.337503,2988.702321
7043,989.950893,1325.620171,965.329095,552.612967,2032.61114,0.0,861.739295,790.214918,1603.62008,936.589938,984.711608,390.920501,1190.106128,746.394802,1193.366035,1544.247195,1346.578884,855.717555,893.809999,933.522069,1086.927589,311.719725,1199.288694,1725.872471,1077.056131,1066.818311,1355.115941,226.258764,963.893723,2016.744915,479.939458,1010.258378,1037.932012,1557.944144,1992.974616,1338.267634,846.079257,1014.212205,1220.7563,1112.592812,1110.915744,887.955744,939.70026,1422.032011,830.109304,403.646187,978.686152,1035.665757,448.954336,1332.820615,1066.309063
10469,889.122751,606.321784,654.862789,501.909419,2784.132553,861.739295,0.0,121.435487,884.321693,494.554377,755.172665,966.051004,470.807741,1264.567911,2055.105329,824.948808,1577.62047,1649.974076,1296.596043,491.486508,1915.624817,1173.459019,2061.027989,1557.256492,526.120924,1325.515092,2106.637354,795.498264,1825.633017,2768.266329,1273.455719,1057.400138,595.896451,838.645757,2744.496029,1569.309221,404.043697,1528.476968,2082.495595,1645.48378,881.3768,700.029882,459.044169,1357.608574,1691.848599,1265.385482,381.711542,702.525652,1101.331211,665.091303,624.273502
10087,899.704998,616.904032,665.445036,384.419794,2712.608176,790.214918,121.435487,0.0,894.90394,505.136625,765.754912,894.526627,481.389989,1185.608476,1983.580952,835.531055,1494.822636,1559.536392,1217.636607,502.068756,1825.187133,1101.934642,1989.503612,1474.458658,443.32309,1246.555657,2035.112977,674.062778,1754.10864,2696.741952,1183.018035,1067.982386,606.478699,849.228005,2672.971652,1486.511387,414.625945,1449.517533,2010.971218,1566.524344,891.959048,710.61213,469.626416,1368.190822,1620.324222,1193.861105,426.707394,713.1079,1002.840067,675.673551,634.85575
11756,1662.591205,342.076444,1428.331243,1076.764289,3250.270002,1603.62008,884.321693,894.90394,0.0,1268.022831,1528.641119,1714.480602,563.360202,1991.41541,2625.724919,171.595289,1118.245257,2365.343326,2023.443542,1264.954962,2630.994067,1915.339804,2645.838449,1088.987528,598.789218,2052.362592,2572.774803,1377.361317,2545.310792,3234.403778,1988.824969,1830.868592,1369.364905,170.425058,3210.633478,1109.934008,1177.512151,2255.324467,2656.415114,2372.331279,1654.845254,1473.498336,1232.512623,2131.077028,2411.526374,1997.075868,1179.57957,1475.994106,1525.218616,363.483516,1397.741956
12019,864.045298,990.022923,629.785336,802.98629,2858.983196,936.589938,494.554377,505.136625,1268.022831,0.0,730.095211,1040.901647,854.508879,1239.490458,2129.955972,1208.649946,1961.321608,1665.798858,1271.518589,277.160817,1931.449599,1248.309662,2135.878631,1940.95763,909.822062,1300.437639,2181.487997,1052.63082,1900.48366,2843.116971,1289.280501,1032.322685,120.578135,1222.346895,2819.346672,1953.010359,135.367314,1503.399515,2157.346238,1620.406326,685.464613,674.952429,69.816914,1256.662954,1766.699241,1340.236124,238.28621,605.926699,1275.326393,1048.792441,259.174485
10798,167.660288,1250.64121,256.916129,935.228133,2905.840374,984.711608,755.172665,765.754912,1528.641119,730.095211,0.0,696.861641,1115.127167,555.656505,1542.415204,1469.268233,2109.254924,995.451188,587.684637,541.20938,1269.493817,918.191756,1547.737934,2075.042241,1170.440349,616.603687,2053.312665,1184.872663,1240.562271,2965.756848,735.763237,342.358157,609.517077,1482.965183,2770.668403,2100.943674,681.639724,819.565562,1569.20554,936.572374,184.475657,248.73548,775.260727,636.146111,1223.710686,1040.811105,872.119521,222.913451,1407.568235,1309.410729,574.661735
7873,702.100926,1430.535547,677.479128,656.924677,2423.53164,390.920501,966.051004,894.526627,1708.535456,1040.901647,696.861641,0.0,1295.021504,458.544836,1239.056753,1649.162571,1582.082598,764.37093,605.960032,918.913473,1030.021671,324.400649,1244.979412,1884.745811,1181.36784,778.968344,1705.402001,617.179264,1001.090125,2407.665415,387.852573,722.408412,987.221169,1662.85952,2383.895116,1573.771348,950.390967,726.362238,1266.447018,843.36905,823.065777,545.477977,1044.011969,1134.182045,875.800022,447.019998,1082.997861,747.81579,839.874836,1437.132325,1001.496425
10548,1249.077253,285.360294,1014.817291,663.250337,2836.756051,1190.106128,470.807741,481.389989,563.360202,854.508879,1115.127167,1300.96665,0.0,1577.901459,2212.210967,503.987317,1280.605347,1951.829375,1609.92959,851.44101,2217.480116,1501.825852,2232.324498,1272.863161,229.105801,1638.84864,2159.260852,963.847365,2131.79684,2820.889826,1575.311018,1417.35464,955.850953,517.684266,2797.119527,1272.294098,763.998199,1841.810515,2242.901162,1958.817327,1241.331303,1059.984385,818.998671,1717.563076,1998.012422,1583.561916,760.755672,1062.480155,1111.704664,344.129812,984.228004
8264,510.951538,1712.222559,661.972035,1005.440087,2523.283759,746.394802,1264.567911,1188.622552,1990.222467,1239.490458,555.656505,458.544836,1576.708515,0.0,1014.316535,1930.849582,1930.598008,443.703029,147.415197,1050.604626,741.395147,661.588996,1019.639264,2233.261222,1463.054851,320.423509,1605.352227,972.653565,712.463601,2583.200233,450.943585,347.395551,1118.912323,1944.546531,2388.111788,1922.286759,1191.034971,267.817403,1041.10687,384.824215,717.242325,584.598684,1284.655973,832.236568,772.718058,762.466,1381.514768,732.308698,1194.586791,1718.819336,1084.056981
4044,1497.710238,2347.72501,1648.730734,1745.979002,1550.925331,1193.366035,2055.105329,1983.580952,2625.724919,2129.955972,1542.415204,1239.056753,2212.210967,1014.316535,0.0,2566.352033,1990.123744,635.294239,1090.281442,1951.59885,376.164286,957.078533,51.330245,2574.520909,2104.027935,1263.289754,632.993798,1419.624798,416.620333,1610.841805,851.20418,1290.261796,2019.906547,2580.048983,1402.294534,1981.812495,2039.445292,1086.763585,30.690195,848.861014,1704.001024,1571.357383,2133.066294,1753.827724,363.256731,834.459184,2172.052186,1719.067397,1266.713277,2359.79242,2034.181802
11759,1603.218319,252.756553,1368.958357,1017.391404,3190.897117,1544.247195,824.948808,835.531055,171.595289,1208.649946,1469.268233,1655.107717,503.987317,1932.042525,2566.352033,0.0,1177.143794,2305.970441,1964.070657,1205.582077,2571.621182,1855.966919,2586.465564,1147.886065,539.416333,1992.989706,2513.401918,1317.988432,2485.937907,3175.030892,1929.452084,1771.495707,1309.99202,78.858228,3151.260593,1168.832545,1118.139266,2195.951582,2597.042228,2312.958394,1595.472369,1414.125451,1173.139737,2071.704143,2352.153488,1937.702983,1093.586364,1416.621221,1465.845731,304.110631,1338.369071
5056,2107.026112,1182.023706,2067.807158,1311.317461,2519.764795,1346.578884,1577.62047,1494.822636,1118.245257,1961.321608,2101.786828,1582.082598,1280.605347,1930.598008,1990.123744,1177.143794,0.0,2008.283341,2078.013205,1958.253739,2184.377232,1527.649901,2010.237275,820.590961,1051.499547,2251.021517,1856.246743,1130.953628,2070.09569,2280.538022,1695.869634,2145.707502,2062.663682,1256.002021,2480.128271,227.882546,1870.810928,2198.415411,2020.813939,2312.204681,2227.990963,1932.197703,1925.8114,2557.481135,1936.311272,1521.860766,1872.878347,2138.143821,1050.003514,999.211946,2091.040733
6129,950.746221,2114.458619,1101.766718,1340.847749,2144.261464,855.717555,1649.974076,1578.449699,2392.458528,1665.798858,995.451188,764.37093,1978.944576,443.703029,635.294239,2333.085643,2004.878839,0.0,519.667936,1476.913027,362.372852,574.690717,640.616968,2553.921073,1865.290912,692.676249,1226.329931,1081.976318,333.441306,2204.177938,418.494671,719.648291,1545.220724,2346.782592,2009.089493,1996.567589,1617.343371,516.150079,662.084575,303.921341,1157.037008,1024.393367,1710.964374,1183.214218,393.695763,508.823315,1766.920933,1172.10338,1029.367673,2121.055397,1523.851663
8670,542.97967,1744.25069,694.000167,1108.835807,2599.248666,893.809999,1296.596043,1220.650684,2022.250599,1271.518589,587.684637,605.960032,1608.736647,147.415197,1090.281442,1962.877714,2078.013205,519.667936,0.0,1082.632758,817.360054,790.908525,1095.604171,2280.710078,1495.082983,222.468859,1681.317134,1120.068762,788.428508,2659.165141,580.263113,311.88174,1150.940455,1976.574663,2464.076695,2069.701955,1223.063102,285.551264,1117.071777,460.789122,749.270457,616.626816,1316.684105,777.856066,848.682966,891.785529,1413.542899,764.336829,1323.90632,1750.847468,1116.085113
11320,675.159466,986.955053,440.899504,799.918421,2855.915327,933.522069,491.486508,502.068756,1264.954962,277.160817,541.20938,918.913473,851.44101,1050.604626,1951.59885,1205.582077,1958.253739,1476.913027,1082.632758,0.0,1742.563768,1195.051299,1957.521509,1937.889761,906.754193,1111.551808,2178.420128,1049.562951,1713.632222,2840.049102,1100.39467,843.436854,160.57165,1219.279026,2816.278803,1949.94249,160.777135,1314.513683,1978.989115,1431.520495,616.471719,486.066598,330.360009,1143.64529,1588.342119,1317.670648,498.829306,419.550185,1272.258524,1045.724572,224.751468
4931,1224.78885,2380.10936,1375.809347,1606.49849,1887.674637,1086.927589,1915.624817,1844.10044,2658.109269,1931.449599,1269.493817,1030.021671,2244.595317,741.395147,376.164286,2598.736383,2184.377232,362.372852,817.360054,1742.563768,0.0,840.341458,381.487015,2742.171791,2130.941653,990.368367,969.743104,1313.186352,165.241925,1947.591111,684.145412,1017.340409,1810.871465,2612.433333,1752.502666,2176.065983,1882.994112,813.842198,402.954621,575.939626,1431.079637,1298.435996,1976.615115,1480.906337,319.646262,728.020738,2032.571674,1446.146009,1217.618391,2386.706138,1797.894293
6490,923.431041,1637.339895,898.809243,864.332691,2213.682156,311.719725,1173.459019,1101.934642,1915.339804,1248.309662,918.191756,324.400649,1501.825852,661.588996,957.078533,1855.966919,1527.649901,574.690717,790.908525,1195.051299,840.341458,0.0,963.001192,2037.592195,1388.775855,963.916838,1423.423781,537.978488,727.606221,2197.815932,265.247291,943.738527,1263.358996,1869.663868,2140.779518,1519.338651,1157.798982,911.310732,984.468799,878.612058,1044.395892,821.435892,1251.419984,1355.51216,593.821802,122.61935,1290.405876,969.145905,630.025353,1644.54034,1277.634251
87107,1503.032967,2367.838541,1654.053464,1751.901661,1571.038861,1199.288694,2061.027989,1989.503612,2645.838449,2135.878631,1547.737934,1244.979412,2232.324498,1019.639264,51.330245,2586.465564,2010.237275,640.616968,1095.604171,1957.521509,381.487015,963.001192,0.0,2594.63444,2124.141466,1268.612484,653.107329,1425.547457,422.542992,1630.955336,857.12684,1295.584525,2025.829206,2600.162514,1421.287972,2001.926026,2045.367951,1092.086314,21.58583,854.183743,1709.323753,1576.680112,2138.988954,1759.150453,369.179391,840.381843,2177.974845,1724.390126,1286.826807,2379.90595,2040.104461
7939,2061.460964,1142.846945,2022.24201,1352.601435,3136.723966,1725.872471,1550.514809,1467.716976,1079.068496,1923.979836,2056.221679,1884.745811,1273.015433,2225.109182,2574.520909,1137.967033,820.590961,2557.325576,2257.137314,1920.911967,2742.171791,2037.592195,2594.63444,0.0,1043.909632,2286.056363,2473.205915,1499.613708,2619.137925,2897.497193,2192.150526,2129.510637,2025.32191,1216.82526,3097.087443,592.708415,1833.469156,2489.018239,2605.211104,2606.025051,2182.425815,1886.632554,1898.705739,2529.946787,2485.353507,2070.903001,1845.772686,2092.578672,1599.045749,1089.750865,2053.698961
10010,1304.390436,320.789309,1070.130474,555.067305,2728.573019,1081.923096,526.120924,443.32309,598.789218,909.822062,1170.440349,1192.783618,229.105801,1469.718427,2104.027935,539.416333,1051.499547,1843.646343,1501.746558,906.754193,2109.297084,1393.64282,2124.141466,1059.074225,0.0,1530.665608,2051.07782,855.664333,2023.613808,2712.706794,1467.127986,1374.119881,1011.164136,553.113282,2688.936495,1043.188298,819.311382,1733.627484,2134.71813,1850.634295,1296.644485,1115.297567,874.311853,1772.876259,1889.82939,1475.378884,821.378801,1117.793337,1003.521632,255.764485,1039.541187
9430,535.907051,1773.16974,722.919217,1137.754856,2772.256979,1066.818311,1325.515092,1249.569734,2051.169648,1300.437639,616.603687,778.968344,1637.655697,320.423509,1263.289754,1991.796763,2251.021517,692.676249,222.468859,1111.551808,990.368367,963.916838,1268.612484,2309.629128,1524.002033,0.0,1854.325447,1293.077074,961.436821,2832.173453,753.271426,292.99336,1179.859504,2005.493713,2637.085008,2242.710268,1251.982152,390.866109,1290.08009,579.438792,778.189506,645.545865,1345.603154,594.190901,1021.691278,1064.793842,1442.461949,793.255879,1496.914633,1779.766518,1145.004162
2619,2058.55195,2294.774895,2118.196224,1793.795823,971.640228,1355.115941,2106.637354,2035.112977,2572.774803,2181.487997,2053.312665,1705.402001,2159.260852,1605.352227,632.993798,2513.401918,1856.246743,1226.329931,1681.317134,2178.420128,969.743104,1423.423781,653.107329,2473.205915,2051.07782,1854.325447,0.0,1471.156823,950.928175,1031.556703,1317.549428,1881.297488,2282.830071,2527.098868,816.739215,1928.86238,2090.977317,1677.799277,663.683993,1442.439832,2179.516801,2040.822873,2184.598319,2344.863416,897.564573,1300.804432,2223.584211,2188.532887,1217.436904,2306.842305,2311.207122
7063,1188.95315,1099.361408,1150.892993,436.460828,2148.652022,226.258764,795.498264,674.062778,1377.361317,1052.63082,1184.872663,617.179264,963.847365,972.653565,1419.624798,1317.988432,1130.953628,1081.976318,1120.068762,1049.562951,1313.186352,537.978488,1425.547457,1499.613708,855.664333,1293.077074,1471.156823,0.0,1190.152486,2132.785797,706.198221,1193.049445,1153.972894,1331.685381,2109.015498,1122.642378,962.12014,1240.470968,1447.015063,1338.851575,1311.076799,1015.283538,1055.741142,1604.823078,1056.368067,629.90495,1074.407869,1221.229656,430.046975,1111.428818,1182.349945
5148,1195.857304,2267.310883,1346.877801,1516.506689,1868.859708,963.893723,1825.633017,1754.10864,2545.310792,1900.48366,1240.562271,1001.090125,2131.79684,712.463601,416.620333,2485.937907,2070.09569,333.441306,788.428508,1713.632222,165.241925,727.606221,422.542992,2619.137925,2023.613808,961.436821,950.928175,1190.152486,0.0,1928.776182,621.731868,988.408863,1781.939919,2499.634856,1733.687737,2061.784441,1809.972979,784.910652,444.010599,547.00808,1402.148091,1269.50445,1903.593982,1451.974791,154.404337,604.986871,1942.579874,1417.214463,1094.584525,2279.378293,1768.962747
790,2970.996133,2955.421619,2940.396895,2454.442547,416.644886,2015.762665,2767.284078,2695.759702,3233.421528,2842.134721,2965.756848,2406.683165,2819.907576,2583.200233,1610.841805,3174.048642,2273.928985,2204.177938,2659.165141,2839.066852,1947.591111,2196.833682,1630.955336,2876.831279,2711.724544,2832.173453,1031.556703,2131.803547,1928.776182,0.0,2229.993611,2859.145495,2943.476795,3187.745592,425.317333,2501.811531,2751.624041,2655.647284,1636.508356,2420.287839,3091.960984,2804.787439,2845.245044,3322.711423,1875.41258,2113.15793,2884.230935,3010.733557,1878.083628,2967.489029,2971.853846
6865,741.002522,1737.940262,800.646797,964.329392,2170.077137,479.939458,1273.455719,1201.931342,2015.940171,1289.280501,735.763237,387.852573,1602.426219,450.943585,851.20418,1956.567285,1695.869634,418.494671,580.263113,1100.39467,684.145412,265.247291,857.12684,2192.150526,1488.772555,753.271426,1317.549428,706.198221,621.731868,2229.993611,0.0,780.243468,1168.702367,1970.264235,2034.905166,1687.558385,1240.825014,700.66532,878.594446,687.255234,861.967373,723.273445,1334.446017,1209.488345,487.94745,311.522416,1390.402576,870.983459,798.245087,1744.53704,1182.977622
10051,258.409099,1552.868684,454.804263,996.807197,2799.229021,1039.933612,1057.400138,1067.982386,1830.868592,1032.322685,342.358157,752.083645,1417.35464,347.395551,1290.261796,1771.495707,2175.361695,719.648291,311.88174,843.436854,1017.340409,973.41376,1295.584525,2167.950203,1382.323108,292.99336,1881.297488,1222.703637,988.408863,2859.145495,780.243468,0.0,911.744551,1785.192657,2664.05705,2167.050445,983.867198,543.762665,1317.052132,660.769477,503.943977,422.252153,1077.488201,500.336425,1048.66332,1091.765884,1174.346995,525.140925,1445.39921,1611.638202,876.889208
12099,743.467163,1091.364996,509.207201,904.328364,2960.32527,1037.932012,595.896451,606.478699,1369.364905,120.578135,609.517077,987.221169,955.850953,1118.912323,2019.906547,1309.99202,2062.663682,1545.220724,1150.940455,160.57165,1810.871465,1263.358996,2025.829206,2042.299704,1011.164136,1179.859504,2282.830071,1153.972894,1781.939919,2944.459045,1168.702367,911.744551,0.0,1323.688969,2920.688746,2054.352433,200.551025,1382.82138,2047.296812,1499.828192,564.886478,554.374295,169.932098,1136.08482,1656.649816,1385.978345,338.401394,485.348565,1376.668467,1150.134515,138.59635
12214,1616.915269,233.804161,1382.655307,1031.088353,3204.594067,1557.944144,838.645757,849.228005,170.425058,1222.346895,1482.965183,1668.804666,517.684266,1945.739475,2580.048983,78.858228,1256.002021,2319.667391,1977.767606,1219.279026,2585.318132,1869.663868,2600.162514,1226.744292,553.113282,2006.686656,2527.098868,1331.685381,2499.634856,3188.727842,1943.149034,1785.192657,1323.688969,0.0,3164.957543,1247.690772,1131.836215,2209.648532,2610.739178,2326.655343,1609.169319,1427.822401,1183.197433,2085.401092,2365.850438,1951.399932,1014.728136,1430.318171,1479.54268,317.80758,1352.06602
947,2775.907687,2932.63357,2835.551962,2431.654498,296.014283,1992.974616,2744.496029,2672.971652,3210.633478,2819.346672,2770.668403,2383.895116,2797.119527,2388.111788,1402.294534,3151.260593,2480.128271,2009.089493,2464.076695,2816.278803,1752.502666,2140.779518,1421.287972,3097.087443,2688.936495,2637.085008,816.739215,2109.015498,1733.687737,425.317333,2034.905166,2664.05705,2920.688746,3164.957543,0.0,2566.721055,2728.835992,2460.558839,1399.702143,2225.199394,2896.872538,2758.178611,2822.456994,3127.622978,1680.324135,2018.160169,2861.442886,2905.888624,1855.295579,2944.70098,2949.065797
6099,2098.714863,1173.712457,2059.495909,1303.006212,2606.357579,1338.267634,1569.309221,1486.511387,1109.934008,1953.010359,2093.475578,1573.771348,1272.294098,1922.286759,1981.812495,1168.832545,227.882546,1999.972091,2069.701955,1949.94249,2176.065983,1519.338651,2001.926026,592.708415,1043.188298,2242.710268,1928.86238,1122.642378,2061.784441,2508.420568,1687.558385,2137.396253,2054.352433,1247.690772,2566.721055,0.0,1862.499679,2190.104162,2012.50269,2303.893432,2219.679714,1923.886453,1917.500151,2549.169886,1928.000023,1513.549517,1864.567098,2129.832571,1041.692265,990.900697,2082.729484
11622,815.589811,899.512242,581.329849,712.47561,2768.472516,846.079257,404.043697,414.625945,1177.512151,135.367314,681.639724,950.390967,763.998199,1191.034971,2039.445292,1118.139266,1870.810928,1617.343371,1223.063102,160.777135,1882.994112,1157.798982,2045.367951,1850.44695,819.311382,1251.982152,2090.977317,962.12014,1809.972979,2752.606291,1240.825014,983.867198,200.551025,1131.836215,2728.835992,1862.499679,0.0,1454.944028,2066.835557,1571.950839,757.372218,626.496942,169.582874,1284.075634,1676.188561,1249.725444,338.052171,580.32732,1184.815712,958.281761,331.082091
8346,774.860595,1976.131615,925.881092,1273.25749,2595.73081,1014.212205,1528.476968,1452.531609,2254.131524,1503.399515,819.565562,726.362238,1840.617572,267.817403,1086.763585,2194.758639,2198.415411,516.150079,285.551264,1314.513683,813.842198,911.310732,1092.086314,2501.078624,1726.963908,390.866109,1677.799277,1240.470968,784.910652,2655.647284,700.66532,543.762665,1382.82138,2208.455588,2460.558839,2190.104162,1454.944028,0.0,1113.55392,305.65357,981.151382,848.507741,1548.56503,684.896801,845.165109,1012.187736,1645.423825,996.217754,1444.308527,1982.728393,1347.966038
87109,1524.500573,2378.415205,1675.52107,1773.369267,1566.111609,1220.7563,2082.495595,2010.971218,2656.415114,2157.346238,1569.20554,1266.447018,2242.901162,1041.10687,30.690195,2597.042228,2020.813939,662.084575,1117.071777,1978.989115,402.954621,984.468799,21.58583,2605.211104,2134.71813,1290.08009,663.683993,1447.015063,444.010599,1636.508356,878.594446,1317.052132,2047.296812,2610.739178,1399.702143,2012.50269,2066.835557,1113.55392,0.0,875.651349,1730.79136,1598.147719,2160.45656,1780.61806,390.646997,861.849449,2199.442452,1745.857732,1297.403471,2390.482615,2061.572068
6950,891.867407,2093.138427,1042.887904,1390.264302,2360.371365,1112.592812,1645.48378,1569.538421,2371.138336,1620.406326,936.572374,843.36905,1957.624384,384.824215,848.861014,2311.765451,2308.800179,303.921341,460.789122,1431.520495,575.939626,878.612058,854.183743,2618.085436,1843.97072,579.438792,1442.439832,1338.851575,547.00808,2420.287839,687.255234,660.769477,1499.828192,2325.4624,2225.199394,2300.488929,1571.950839,305.65357,875.651349,0.0,1098.158194,965.514553,1665.571842,972.717709,615.953895,812.744655,1762.430636,1113.224566,1333.289013,2099.735205,1464.97285
11446,329.246107,1376.845346,383.120265,1061.432269,3032.044509,1110.915744,881.3768,891.959048,1654.845254,685.464613,184.475657,823.065777,1241.331303,717.242325,1704.001024,1595.472369,2235.45906,1157.037008,749.270457,616.471719,1431.079637,1044.395892,1709.323753,2201.246376,1296.644485,778.189506,2179.516801,1311.076799,1402.148091,3091.960984,861.967373,503.943977,564.886478,1609.169319,2896.872538,2227.14781,757.372218,981.151382,1730.79136,1098.158194,0.0,374.939616,734.818575,755.964662,1349.914822,1167.015241,903.287872,215.901076,1533.772371,1435.614864,481.373551
82583,253.974765,1195.498428,182.087431,765.639008,2821.635914,888.12139,700.029882,710.61213,1473.498336,674.952429,248.73548,545.477977,1059.984385,584.598684,1571.357383,1414.125451,1939.665799,1024.393367,616.626816,486.066598,1298.435996,821.601538,1576.680112,1905.453116,1115.297567,645.545865,2040.822873,1015.283538,1269.50445,2805.769689,723.273445,422.252153,554.374295,1427.822401,2758.178611,1931.354549,626.496942,848.507741,1598.147719,965.514553,374.939616,0.0,720.117945,722.460589,1211.220895,944.220887,816.976739,285.092473,1237.97911,1254.267946,519.518952
12114,909.210813,954.512714,674.950851,806.096612,2862.093518,939.70026,459.044169,469.626416,1232.512623,69.816914,775.260727,1044.011969,818.998671,1284.655973,2133.066294,1173.139737,1925.8114,1710.964374,1316.684105,330.360009,1976.615115,1251.419984,2138.988954,1905.447422,874.311853,1345.603154,2184.598319,1055.741142,1903.593982,2846.227294,1334.446017,1077.488201,169.932098,1183.197433,2822.456994,1917.500151,169.582874,1548.56503,2160.45656,1665.571842,734.818575,720.117945,0.0,1306.016917,1769.809564,1343.346447,168.469297,655.280662,1278.436715,1013.282233,308.528447
11531,468.485824,1853.07712,755.012699,1387.569613,3262.794949,1430.696027,1357.608574,1368.190822,2131.077028,1256.662954,636.146111,1142.846061,1717.563076,832.236568,1753.827724,2071.704143,2566.12411,1183.214218,777.856066,1143.64529,1480.906337,1364.176175,1759.150453,2548.767349,1763.140254,594.190901,2344.863416,1613.466053,1451.974791,3322.711423,1209.488345,500.336425,1136.08482,2085.401092,3127.622978,2557.812861,1284.075634,684.896801,1780.61806,972.717709,755.964662,722.460589,1306.016917,0.0,1512.229248,1486.795525,1474.486213,825.349361,1836.161625,1911.846638,1052.571893
4992,1228.949971,2133.526465,1288.594246,1382.722271,1815.496106,830.109304,1691.848599,1620.324222,2411.526374,1766.699241,1223.710686,875.800022,1998.012422,772.718058,363.256731,2352.153488,1936.311272,393.695763,848.682966,1588.342119,319.646262,593.821802,369.179391,2485.353507,1889.82939,1021.691278,897.564573,1056.368067,154.404337,1875.41258,487.94745,1048.66332,1656.649816,2365.850438,1680.324135,1928.000023,1676.188561,845.165109,390.646997,615.953895,1349.914822,1211.220895,1769.809564,1512.229248,0.0,471.202453,1808.795455,1358.930908,960.800107,2145.593875,1670.925071
5886,1046.05039,1719.075959,1021.428592,956.259154,2130.006404,403.646187,1265.385482,1193.861105,1997.075868,1340.236124,1040.811105,447.019998,1583.561916,762.466,834.459184,1937.702983,1521.860766,508.823315,891.785529,1317.670648,728.020738,122.61935,840.381843,2070.903001,1475.378884,1064.793842,1300.804432,629.90495,604.986871,2114.14018,311.522416,1066.357876,1385.978345,1951.399932,2018.160169,1513.549517,1249.725444,1012.187736,861.849449,812.744655,1167.015241,944.055241,1343.346447,1478.131509,471.202453,0.0,1382.332338,1091.765254,546.349601,1731.143369,1400.2536
80493,1006.069608,901.579662,771.809646,784.764885,2901.07941,978.686152,381.711542,426.707394,1179.57957,238.28621,872.119521,1082.997861,760.755672,1381.514768,2172.052186,1093.586364,1872.878347,1766.920933,1413.542899,498.829306,2032.571674,1290.405876,2177.974845,1852.514369,821.378801,1442.461949,2223.584211,1074.407869,1942.579874,2885.213185,1390.402576,1174.346995,338.401394,1014.728136,2861.442886,1864.567098,338.052171,1645.423825,2199.442452,1762.430636,903.287872,816.976739,168.469297,1474.486213,1808.795455,1382.332338,0.0,819.472509,1317.422607,960.34918,476.997744
11030,356.863537,1197.994198,241.283972,971.585126,3027.582032,1035.831403,702.525652,713.1079,1475.994106,605.926699,222.913451,747.981436,1062.480155,732.308698,1719.067397,1416.621221,2145.611917,1172.10338,764.336829,419.550185,1446.146009,969.311551,1724.390126,2111.399234,1117.793337,793.255879,2188.532887,1221.229656,1417.214463,3011.715807,870.983459,525.140925,485.348565,1430.318171,2905.888624,2137.300667,580.32732,996.217754,1745.857732,1113.224566,215.901076,285.092473,655.280662,825.349361,1358.930908,1091.9309,819.472509,0.0,1443.925228,1256.763717,401.835638
5943,1411.648723,1247.218707,1373.588566,746.239635,1894.932103,448.954336,1101.331211,1002.840067,1525.218616,1275.326393,1407.568235,839.874836,1111.704664,1194.586791,1266.713277,1465.845731,1050.003514,1032.772175,1323.90632,1272.258524,1217.618391,630.025353,1286.826807,1599.045749,1003.521632,1496.914633,1217.436904,430.046975,1094.584525,1879.065878,798.245087,1415.745017,1376.668467,1479.54268,1855.295579,1041.692265,1184.815712,1444.308527,1297.403471,1336.693516,1533.772371,1237.97911,1278.436715,1827.51865,960.800107,546.349601,1317.422607,1443.925228,0.0,1259.286117,1405.045518
9988,1443.360815,197.349206,1209.100853,810.83179,2984.337503,1337.687581,665.091303,675.673551,363.483516,1048.792441,1309.410729,1448.548103,344.129812,1725.482911,2359.79242,304.110631,999.211946,2099.410828,1757.511043,1045.724572,2365.061569,1649.407305,2379.90595,1099.669897,255.764485,1786.430093,2306.842305,1111.428818,2279.378293,2968.471279,1722.892471,1611.638202,1150.134515,317.80758,2944.70098,990.900697,958.281761,1989.391968,2390.482615,2106.39878,1435.614864,1254.267946,1013.282233,1911.846638,2145.593875,1731.143369,960.34918,1256.763717,1259.286117,0.0,1178.511566
11853,708.611821,1119.742048,474.351859,932.705415,2988.702321,1066.309063,624.273502,634.85575,1397.741956,259.174485,574.661735,1001.496425,984.228004,1084.056981,2034.181802,1338.369071,2091.040733,1523.851663,1116.085113,224.751468,1797.894293,1277.634251,2040.104461,2070.676755,1039.541187,1145.004162,2311.207122,1182.349945,1768.962747,2972.836096,1182.977622,876.889208,138.59635,1352.06602,2949.065797,2082.729484,331.082091,1347.966038,2061.572068,1464.97285,481.373551,519.518952,308.528447,1052.571893,1670.925071,1400.2536,476.997744,401.835638,1405.045518,1178.511566,0.0
