,11171,8440,11382,11210,8191,14378,7376,17873,12769,11211,11888,4124,12670,14500,13009,14483,12954,5189,17836,11601,12772,17928,13138,3495,5183,11603,5184,13148,13532,16302,8929,11477,5877,12751,13008,10882,13506,11602,5920,12953,8928,13137,6495,8212,16350,6593,10887,11872,11869,13147,13970,16942,12129,13235,10902,12488,12780,16940,12452,11435,13140,11677,12805,12778,12754,12768,6307,4139,8439,10883,18646,18359,11832,13131,13224,16326,16268,11212,12930,10357,7382,12952,11467,12166,12931,10886,13059,14358,8412,14919,13149,12767,17203,11434,12128,4757,8208,13771,17909,12779,12910
11171,0.0,438.219905,274.103196,150.891568,929.144587,1373.241514,626.239857,1347.01143,396.434643,101.632788,1106.164887,1338.478354,1304.781917,1292.802648,1209.763822,673.586223,1280.685239,979.476177,1424.464009,542.635693,1109.320404,1479.459743,1213.500947,1456.932681,1241.95851,894.273356,1073.175815,1219.643204,1242.665893,967.372441,868.573542,172.685241,1172.339043,1165.289012,1200.754863,203.067601,1374.436667,728.231292,1277.492018,1263.689489,770.910471,1221.759459,967.983859,614.160612,1232.550035,1130.491847,258.329621,1174.772083,1151.40936,1182.410885,1367.268071,1600.095011,935.25506,1109.499319,754.694469,1355.72277,554.949593,1307.363474,1147.839598,271.823119,1252.573043,829.425459,1155.040644,561.741522,1242.654804,423.179544,1135.254232,1642.807738,677.427772,125.869271,1530.142856,1525.241814,1361.919634,1273.518747,1180.541679,906.87089,1130.125725,103.090109,1226.709261,1121.907569,739.566269,1267.810238,451.251512,273.960346,1196.158134,263.663814,875.023049,1450.943567,617.770308,1487.063925,1325.82742,403.563503,1298.68558,132.730209,952.996398,1393.132379,739.297206,681.91221,1430.521865,578.143153,785.964815
8440,438.219905,0.0,476.437088,421.816614,734.847383,1476.544004,188.019953,1617.936476,667.359689,372.557834,1208.202566,900.25845,1410.332022,1396.105138,1313.066312,944.511269,1383.987729,541.256273,1695.389055,707.560746,1212.622895,1730.501815,1316.803438,1018.712777,803.738606,1059.198409,634.955911,1322.945695,1345.968383,1238.297487,944.764337,443.610286,858.888743,1268.591502,1304.057354,305.10528,1477.739157,893.156345,983.816709,1366.991979,742.678158,1325.06195,529.763955,523.029647,1503.475081,817.041546,380.275684,1276.809762,1253.447039,1285.713375,1470.570561,1773.140473,1038.55755,1212.801809,856.732148,1461.272876,825.874639,1578.28852,1253.389703,542.748164,1355.875533,931.463138,1258.343134,832.666568,1348.20491,694.104589,841.578922,1204.587834,239.207868,312.350634,1801.067901,1776.283886,1463.957313,1376.821237,1283.84417,1177.795935,1401.050771,374.015155,1332.259367,1223.945248,301.346365,1373.360343,594.020161,544.885392,1299.460625,365.701493,1165.399788,1554.246058,179.550404,1590.366416,1429.129911,674.488549,1569.610626,403.655255,1056.298888,954.912475,578.343395,952.837256,1701.446911,849.068199,972.984884
11382,274.103196,476.437088,0.0,123.211629,777.34666,1121.294723,664.457041,1268.921804,503.24298,208.441126,864.603335,1376.695538,1080.493936,1040.855857,957.81703,780.394561,1028.738448,1017.693361,1349.227641,290.688902,857.373613,1375.252533,961.554156,1495.149865,1280.175694,642.326564,1111.392999,967.696413,990.719102,892.136073,716.775614,279.493578,1082.40882,913.34222,948.808072,171.331809,1122.489876,476.284501,1125.694091,1011.742697,619.112544,969.812668,1006.201043,652.377796,1154.46041,1040.561623,96.161405,951.830489,999.611433,930.464093,1115.321279,1417.891191,683.308268,857.552528,602.896541,1131.434789,661.757931,1229.273848,923.551617,378.631456,1000.626252,623.711453,903.093853,668.549859,1018.366823,403.330516,983.456304,1681.024922,715.644956,232.677609,1454.906488,1421.034605,1166.241903,1021.571956,928.594888,831.634521,1052.0361,209.898446,978.445619,970.109642,777.783453,1019.546595,177.148316,380.768683,944.211343,161.975044,1001.28308,1198.996776,655.987491,1235.117134,1073.880629,510.37184,1223.449212,239.538546,701.049606,1431.349563,587.499279,788.720547,1352.43224,684.95149,556.113039
11210,150.891568,421.816614,123.211629,0.0,838.732465,1244.506351,609.836566,1330.608139,380.031352,85.229497,987.814963,1322.075063,1203.705564,1164.067485,1081.028659,657.182932,1151.950076,963.072886,1408.060718,413.90053,980.585241,1463.056452,1084.765784,1440.52939,1225.555219,765.538193,1056.772524,1090.908041,1113.93073,950.969151,778.16142,156.28195,1143.794625,1036.553849,1072.0197,182.608457,1245.701504,599.496129,1187.079897,1134.954326,680.498349,1093.024296,951.580568,597.757321,1216.146744,1101.947428,107.438053,1075.042118,1060.997239,1053.675722,1238.532908,1541.102819,806.519897,980.764156,664.282347,1254.646417,538.546302,1290.960183,1046.763245,255.419828,1123.83788,739.013337,1026.305481,545.338231,1141.578451,406.776253,1044.84211,1626.404447,661.024481,109.46598,1513.739565,1508.838523,1271.507512,1144.783584,1051.806516,890.467599,1113.722434,86.686818,1101.657247,1031.495448,723.162978,1142.758223,300.359945,257.557055,1067.422971,173.251692,878.071451,1322.208404,601.367017,1358.328762,1197.092257,387.160212,1282.282289,116.326918,824.261235,1376.729088,648.885084,665.508919,1414.118574,561.739862,679.324667
8191,929.144587,734.847383,777.34666,838.732465,0.0,1015.163443,687.001793,1213.444034,1158.284371,863.482517,746.822004,1376.362069,948.951461,934.724577,851.68575,1435.435952,922.607167,1017.359892,1351.679384,803.105127,751.242333,1269.121253,855.422876,1494.816396,1279.842225,1030.9079,887.467224,861.565133,884.587822,1305.971851,209.916955,934.534969,651.413529,807.21094,842.676792,726.076986,1016.358596,617.509528,494.966501,905.611417,158.234116,863.681388,1005.867574,434.137072,1131.644945,609.566333,731.294412,815.4292,792.066478,824.332813,1009.189999,1311.759911,577.176988,751.421247,395.351586,999.892314,1316.799322,1194.216073,792.009142,1033.672847,894.494972,470.082576,796.962573,1323.59125,886.824348,1068.742195,352.728714,1672.333242,738.189708,803.275316,1406.514276,1314.903325,1002.576751,915.440676,822.463608,1366.473402,1148.327986,864.939837,870.878805,688.799201,553.857678,911.979782,842.559995,1035.810074,838.080063,665.480774,1656.324471,1092.865496,555.29698,1128.985854,967.749349,1165.413231,1678.772763,894.579937,594.918326,1435.845576,289.225487,1443.761938,1281.544166,1339.992881,1221.524718
14378,1353.7376,1476.544004,1121.294723,1244.506351,1015.163443,0.0,1664.563957,617.321341,1280.786956,1275.414295,381.624942,2376.802454,514.903998,153.792516,368.495153,1035.906381,400.104825,2017.800277,755.556691,830.605822,341.740852,527.156,297.936047,2495.256781,2280.28261,956.805409,1902.630666,231.418052,204.41052,709.849157,805.246489,1181.05236,1666.576972,376.40359,338.77083,1171.438724,331.606318,645.010223,1510.129943,383.109075,1052.877355,338.481598,2006.307959,1449.300514,535.522252,1624.729775,1176.656151,482.461235,527.557543,264.597738,83.793186,390.984502,485.706961,337.095845,619.811857,577.078705,1443.979246,598.09338,412.203688,1409.633908,371.992629,545.080867,366.155222,1534.724482,430.634635,1331.241757,1367.892156,2642.431749,1715.751872,1248.637055,810.391583,718.780632,675.639166,372.71135,192.699835,770.350709,552.205292,1250.647492,389.702205,730.571699,1569.02112,417.085132,1186.508059,1182.022559,355.46793,1110.842512,1567.796493,94.270345,1570.460422,137.467885,403.014066,1311.625717,1082.650069,1244.316874,420.245117,2431.456479,1217.212118,995.309389,685.421473,1356.645545,1045.872192
7376,626.239857,188.019953,664.457041,609.836566,687.001793,1664.563957,0.0,1805.956428,855.379641,560.577787,1396.222518,712.238497,1598.351975,1584.125091,1501.086264,1132.531222,1572.007682,353.23632,1883.409007,895.580699,1400.642847,1918.521767,1504.82339,830.692824,615.718653,1247.218362,463.693143,1510.965647,1533.988336,1426.31744,896.918747,631.630239,811.043153,1456.611454,1492.077306,493.125233,1665.75911,1081.176298,935.971119,1555.011931,694.832568,1513.081902,341.744002,593.766695,1691.495034,769.195956,568.295636,1464.829714,1441.466992,1473.733327,1658.590513,1961.160425,1226.577502,1400.821762,1044.7521,1649.292828,1013.894592,1766.308473,1441.409656,730.768117,1543.895486,1119.48309,1446.363087,1020.68652,1536.224862,882.124542,793.733333,1016.567881,191.362278,500.370586,1989.087854,1964.303839,1651.977266,1564.84119,1471.864122,1365.815888,1589.070724,562.035107,1520.279319,1375.800994,250.440258,1561.380296,782.040114,732.905344,1487.480577,553.721445,1353.419741,1742.26601,131.704814,1778.386368,1617.149863,862.508502,1757.630578,591.675207,1244.318841,771.722004,530.497805,1140.857209,1889.466864,1037.088151,1161.004836
17873,1347.01143,1617.936476,1268.921804,1330.608139,1213.444034,617.321341,1805.956428,0.0,950.576788,1268.688125,901.094522,2518.194925,1076.077178,463.528825,921.697847,705.696213,953.30752,2159.192748,138.235351,978.232903,872.155552,132.448313,851.138742,2636.649252,2421.675081,626.59524,2100.911257,800.591402,727.343827,379.638989,1003.52708,1174.32619,1864.857563,928.12416,891.973525,1369.719316,914.83054,843.290814,1708.410534,936.311769,1251.157946,891.684293,2147.70043,1647.581105,114.461395,1823.010366,1365.083209,1035.663929,1078.091715,784.067318,682.723586,268.619811,636.267046,462.022787,818.092448,1147.744203,1113.769078,39.647956,965.406382,1332.755411,925.195324,743.361459,917.875792,1318.263871,983.83733,1078.447295,1566.172747,2822.524309,1857.144343,1305.585843,269.841336,178.230385,1246.304665,946.141028,715.633142,440.140541,216.885705,1243.921322,942.9049,1256.861108,1767.301712,970.287826,1094.626746,1073.051085,908.670624,1309.123104,1237.586325,693.200746,1768.741013,555.850549,986.238289,1114.218595,465.328729,1237.590705,820.699612,2572.84895,1415.49271,665.09922,83.510436,1026.435377,715.662023
12769,396.434643,667.359689,503.24298,380.031352,1158.284371,1280.786956,855.379641,950.576788,0.0,318.111338,1053.499725,1567.618138,1241.731515,1126.994441,1146.71342,277.151581,1217.634838,1208.615961,1028.029367,479.585292,1046.270003,1083.025101,1150.450546,1686.072465,1471.098294,831.222954,1302.315599,1156.592803,1179.615492,570.937799,998.636276,223.749403,1401.478828,1102.23861,1137.704462,432.207386,1311.386266,665.180891,1506.631803,1200.639087,1000.050255,1158.709058,1197.123643,843.300396,836.115393,1359.631631,487.469405,1113.068069,1184.202404,1119.360483,1304.217669,1203.660368,872.204658,1046.448918,813.201645,1292.672369,379.948644,910.928832,1084.789197,401.232113,1189.522642,785.968252,1091.990243,386.740573,1179.604403,183.257848,1364.394016,1871.947522,906.567556,355.009055,1133.708213,1128.807172,1327.479483,1210.468346,1117.491278,510.436247,733.691083,293.344535,1163.65886,1251.970304,968.706053,1204.759836,409.440048,122.474297,1133.107733,492.803598,654.733204,1375.057301,846.910092,1366.221737,1262.777019,163.641807,902.250937,287.013917,889.945996,1622.272163,968.43699,285.477568,1034.087223,232.371536,546.043119
11211,101.632788,372.557834,208.441126,85.229497,863.482517,1294.918209,560.577787,1268.688125,318.111338,0.0,1038.226821,1272.816283,1226.458612,1214.479343,1131.440517,595.262919,1202.361934,913.814106,1346.140704,464.312388,1030.9971,1401.136438,1135.177643,1391.270611,1176.29644,815.950051,1007.513745,1141.3199,1164.342588,889.049137,802.911471,94.361936,1106.676973,1086.965707,1122.431559,137.405531,1296.113362,649.907987,1211.829948,1185.366184,705.248401,1143.436155,902.321788,548.498542,1154.226731,1064.829776,192.66755,1097.795166,1085.74729,1104.08758,1288.944766,1521.771706,856.931755,1031.176014,689.032398,1277.399465,453.316806,1229.040169,1069.516293,170.190331,1174.249738,763.763388,1076.717339,460.108734,1164.331499,344.856239,1069.592161,1577.145667,611.765702,60.207201,1451.819551,1446.91851,1296.257564,1195.195442,1102.218375,828.547585,1051.802421,37.428038,1148.385957,1056.245499,673.904199,1189.486933,385.589441,195.637041,1117.83483,198.001743,792.841954,1372.620263,552.108237,1408.740621,1247.504116,325.240198,1220.362275,31.097421,874.673093,1327.470308,673.635136,603.588905,1352.198561,476.510365,707.64151
11888,1097.046212,1208.202566,864.603335,987.814963,746.822004,381.624942,1396.222518,901.094522,1047.805468,1018.722907,0.0,2108.461015,346.143286,441.029424,218.147249,1319.679562,289.068666,1749.458838,1039.329872,573.914434,117.703832,814.392908,221.884375,2226.915342,2011.941171,801.717207,1634.289227,228.026632,251.049321,993.622338,536.90505,924.360972,1398.235533,173.672439,209.138291,903.097286,382.820095,388.318835,1241.788504,272.072916,784.535916,230.142887,1737.96652,1180.959075,819.295433,1356.388336,908.314712,248.131529,176.997194,190.794312,375.651498,678.22141,347.986295,439.071735,363.120469,417.810312,1271.241166,881.86656,231.179641,1152.94252,260.95647,288.389479,163.424072,1278.033094,284.016173,1074.550369,1099.550717,2310.080062,1447.410433,980.295616,1094.164764,1002.553812,461.759905,281.902175,188.925107,1054.12389,835.978473,993.956104,238.775837,423.490703,1300.679681,279.876814,929.81667,925.331171,204.541562,842.501074,1610.766314,459.326995,1302.118983,495.447353,334.210848,1054.934329,1366.42325,987.625486,163.553729,2163.11504,948.870679,1279.082569,969.194653,1280.177004,1308.781393
4124,1338.478354,900.25845,1376.695538,1322.075063,1376.362069,2376.802454,712.238497,2518.194925,1567.618138,1272.816283,2108.461015,0.0,2310.590471,2296.363587,2213.324761,1844.769718,2284.246178,359.002178,2595.647504,1607.819196,2112.881344,2630.760264,2217.061887,118.454328,351.965924,1959.456858,753.120179,2223.204144,2246.226833,2138.555937,1586.279023,1343.868736,1025.887891,2168.849951,2204.315803,1205.36373,2377.997607,1793.414795,1451.65094,2267.250428,1384.192844,2225.320399,617.028447,1283.126971,2403.73353,1076.814611,1280.534133,2177.068211,2153.705489,2185.971824,2370.82901,2673.398922,1938.815999,2113.060258,1756.990597,2361.531325,1726.133088,2478.546969,2153.648153,1443.006614,2256.133983,1831.721587,2158.601584,1732.925017,2248.463359,1594.363039,1483.093609,392.779839,903.600775,1212.609083,2701.326351,2676.542336,2364.215762,2277.079687,2184.102619,2078.054385,2301.30922,1274.273604,2232.517816,2065.16127,822.504392,2273.618792,1494.27861,1445.143841,2199.719074,1265.959942,2065.658237,2454.504507,843.94331,2490.624865,2329.38836,1574.746998,2469.869075,1303.913704,1956.557337,442.007697,1219.858081,1853.095705,2601.70536,1749.326648,1873.243333
12670,1285.766204,1409.351625,1080.210029,1203.421657,947.971064,514.903998,1597.371578,1076.077178,1236.525461,1207.4429,346.143286,2309.610074,0.0,616.01208,193.691076,1494.662218,122.769659,1950.607897,1214.312528,795.124166,228.439455,966.750574,224.938437,2428.064402,2200.620359,1022.926939,1835.438287,291.456432,364.704007,1168.604994,738.05411,1113.080964,1599.384593,172.470848,188.396502,1104.246345,183.297681,609.528567,1442.937564,151.493131,985.684976,184.392886,1939.115579,1382.108135,994.278089,1557.537396,1109.463772,223.179956,294.314291,292.00986,431.110813,832.997721,569.196027,614.054391,552.619478,71.667026,1459.961158,1056.849217,156.942319,1341.662512,150.881854,509.599212,212.816893,1466.753086,115.059892,1263.270362,1300.699777,2345.501308,1648.559493,1181.444675,1264.928209,1177.536469,170.227487,151.942107,363.907763,1229.106546,1010.961129,1182.676096,158.618051,411.19854,1501.828741,117.517074,1145.423365,1114.051164,171.699403,1043.650133,1799.486307,440.706375,1503.268043,543.902054,132.426183,1243.654321,1541.405906,1176.345479,384.763461,2364.264099,1150.019739,1454.065226,1144.17731,1468.896997,1504.628029
14500,1273.298734,1396.105138,1040.855857,1164.067485,934.724577,153.792516,1584.125091,463.528825,1126.994441,1194.975429,441.029424,2296.363587,616.01208,0.0,461.632749,882.113866,493.242422,1937.36141,601.764176,750.166956,412.090454,519.206045,391.073644,2414.817915,2199.843744,803.012893,1822.1918,337.062577,263.815002,556.056642,724.807622,1100.613494,1586.138106,468.059062,431.908427,1090.999858,451.301715,564.571357,1429.691077,476.246671,972.438489,431.619195,1925.869092,1368.861648,381.729736,1544.290909,1096.217285,575.598831,618.026618,324.00222,237.585701,422.001354,357.547589,183.30333,539.372991,687.679105,1290.186731,444.300864,505.341284,1329.195042,465.130226,464.642001,457.810694,1454.285616,523.772232,1250.802891,1287.45329,2600.692972,1635.313006,1168.198188,656.599068,564.988116,786.239567,486.07593,252.104317,616.558194,398.412777,1170.208625,482.839802,823.709295,1488.582254,510.222729,1106.069192,1101.583693,448.605526,1030.403646,1414.003978,248.062861,1490.021556,239.227297,522.709464,1231.18685,928.857554,1163.878008,479.649599,2351.017612,1136.773252,841.516873,531.628957,1202.85303,892.079676
13009,1190.259907,1313.066312,957.81703,1081.028659,851.68575,368.495153,1501.086264,921.697847,1141.019164,1111.936603,218.147249,2213.324761,193.691076,461.632749,0.0,1340.282888,70.921418,1854.322584,1059.933197,667.128129,100.443418,834.97724,70.559106,2331.779088,2116.804917,894.930902,1739.152973,137.077101,210.324677,1014.225664,641.768796,1017.574667,1503.099279,97.970344,30.302787,1007.961032,164.672846,481.53253,1346.65225,53.925668,889.399663,30.013555,1842.830266,1285.822821,839.898758,1461.252082,1013.178458,152.699363,223.833698,137.630529,284.701968,698.824735,441.19999,459.67506,456.334165,265.358101,1364.454861,902.469886,82.441816,1246.156215,42.809222,381.603175,54.723178,1371.246789,101.451228,1167.764065,1204.414464,2312.669878,1552.274179,1085.159362,1114.768089,1023.157138,363.918563,63.754926,209.528432,1074.727215,856.581799,1087.169799,59.940334,400.809827,1405.543428,87.901725,1023.030366,1018.544867,25.706058,947.36482,1703.98001,362.268653,1406.98273,411.575004,116.063599,1148.148024,1387.026576,1080.839182,256.767424,2267.978786,1053.734426,1299.685895,989.797979,1373.3907,1350.248698
14483,673.586223,944.511269,780.394561,657.182932,1435.435952,1035.906381,1132.531222,705.696213,277.151581,595.262919,1319.679562,1844.769718,1494.662218,882.113866,1340.282888,0.0,1371.89256,1485.767541,783.148792,756.736872,1290.740593,838.144526,1269.723782,1963.224046,1748.249875,658.541409,1579.46718,1219.176443,1145.928867,326.057225,1275.787857,500.900983,1678.630408,1346.7092,1310.558565,709.358966,1333.415581,942.332471,1783.783383,1354.89681,1277.201836,1310.269333,1474.275223,1120.451977,591.234819,1636.783211,764.620985,1390.21965,1461.353985,1202.652359,1119.699566,958.779794,1054.852087,880.607828,1090.353225,1566.329244,408.072865,666.048257,1361.940777,659.330205,1343.780364,1063.119832,1336.460833,644.838664,1402.42237,460.409429,1641.545596,2149.099103,1183.719137,632.160636,888.827639,883.926598,1604.631063,1364.726068,1134.218183,265.555673,488.810508,570.496115,1361.48994,1529.121885,1245.857634,1388.872867,686.591629,399.625878,1327.255665,769.955178,531.890112,1130.176726,1124.061672,1121.341163,1404.823329,440.793388,657.370363,564.165498,1167.097577,1899.423743,1245.588571,406.116202,789.206648,353.01017,505.601984
12954,1261.181325,1383.987729,1028.738448,1151.950076,922.607167,400.104825,1572.007682,953.30752,1211.940581,1182.85802,289.068666,2284.246178,122.769659,493.242422,70.921418,1371.89256,0.0,1925.244001,1091.54287,738.049546,171.364835,853.730375,102.168778,2402.700505,2187.726335,965.852319,1810.07439,168.686774,241.934349,1045.835336,712.690213,1088.496084,1574.020696,166.585524,82.627823,1078.882449,130.090369,552.453948,1417.573668,59.114093,960.32108,61.623227,1913.751683,1356.744239,871.508431,1532.1735,1084.099875,221.314543,292.448878,169.240202,316.31164,719.977521,483.731701,491.284733,527.255582,194.436684,1435.376278,934.079559,151.056996,1317.077633,28.112196,452.524592,125.644595,1442.168207,70.469632,1238.685482,1275.335881,2381.285058,1623.195597,1156.080779,1146.377762,1054.76681,292.997146,29.172449,241.138105,1106.336888,888.191471,1158.091216,72.187333,469.425007,1476.464845,31.086356,1093.951783,1089.466284,96.627475,1018.286237,1774.901427,327.686176,1477.904147,430.881854,81.481123,1219.069441,1418.636248,1151.760599,327.688842,2338.900203,1124.655843,1331.295567,1021.407651,1444.312117,1381.85837
5189,979.476177,541.256273,1017.693361,963.072886,1017.359892,2017.800277,353.23632,2159.192748,1208.615961,913.814106,1749.458838,359.002178,1951.588294,1937.36141,1854.322584,1485.767541,1925.244001,0.0,2236.645327,1248.817018,1753.879167,2271.758087,1858.05971,477.456505,262.482334,1600.454681,663.636589,1864.201967,1887.224655,1779.553759,1227.276846,984.866559,936.404302,1809.847774,1845.313626,846.361553,2018.99543,1434.412617,1266.329218,1908.248251,1025.190667,1866.318222,258.02627,924.124794,2044.731353,987.331022,921.531956,1818.066034,1794.703311,1826.969647,2011.826833,2314.396745,1579.813822,1754.058081,1397.98842,2002.529148,1367.130911,2119.544792,1794.645976,1084.004436,1897.131805,1472.71941,1799.599406,1373.92284,1889.461182,1235.360862,1124.091431,663.331562,544.598598,853.606906,2342.324174,2317.540159,2005.213585,1918.077509,1825.100442,1719.052207,1942.307043,915.271427,1873.515639,1706.159092,463.502214,1914.616615,1135.276433,1086.141664,1840.716897,906.957765,1706.65606,2095.50233,484.941133,2131.622688,1970.386183,1215.744821,2110.866898,944.911527,1597.55516,530.416534,860.855904,1494.093528,2242.703183,1390.324471,1514.241156
17836,1424.464009,1695.389055,1349.227641,1408.060718,1351.679384,755.556691,1883.409007,138.235351,1028.029367,1346.140704,1039.329872,2595.647504,1214.312528,601.764176,1059.933197,783.148792,1091.54287,2236.645327,0.0,1101.05795,1010.390903,270.683664,989.374092,2714.101831,2499.12766,749.420287,2239.146607,938.826752,865.579177,502.464036,1141.76243,1251.778769,2003.092913,1066.35951,1030.208875,1460.236752,1053.06589,981.526164,1846.645884,1074.54712,1389.393297,1029.919643,2225.153009,1785.816456,237.286442,1961.245716,1445.389046,1173.899279,1216.327066,922.302669,820.958936,406.855162,774.502397,600.258137,956.327799,1285.979554,1191.221657,162.473003,1103.641733,1410.20799,1063.430674,881.596809,1056.111142,1395.71645,1122.07268,1155.899874,1704.408098,2899.976888,1934.596922,1383.038422,143.681593,235.292545,1384.540015,1084.376378,853.868493,517.59312,339.710752,1321.373901,1081.14025,1395.096458,1905.537062,1108.523177,1172.079325,1150.503664,1046.905974,1400.397994,1315.038904,831.436096,1874.939458,694.0859,1124.473639,1191.671174,520.595924,1315.043284,958.934962,2650.301529,1553.72806,742.551799,221.745786,1103.887956,793.114602
11601,523.131779,707.560746,290.688902,413.90053,803.105127,830.605822,895.580699,978.232903,473.891035,444.808474,573.914434,1607.819196,795.124166,750.166956,667.128129,751.042616,738.049546,1248.817018,1101.05795,0.0,566.684712,1084.563632,670.865255,1726.273523,1511.299352,351.637663,1342.516657,677.007512,700.030201,684.121848,593.188173,350.446538,1261.16274,622.653319,658.119171,402.455466,831.800975,185.595599,1298.071627,721.053796,797.866465,679.123767,1237.3247,883.501454,863.771509,1219.315544,386.850306,730.725587,750.911628,639.775192,824.632378,1127.20229,392.619367,566.863627,407.753542,866.791192,697.326732,938.584947,680.160522,579.028087,709.937351,333.022552,612.404952,704.118661,732.997054,500.635936,1155.833841,1912.14858,946.768614,479.653797,1221.956655,1130.345704,945.137,730.883055,637.905987,744.623399,761.347199,420.04167,687.756718,846.522201,1008.907111,728.857694,355.902237,351.416738,653.522442,341.859254,1036.851881,908.307875,887.111149,944.428233,783.191728,481.019895,1100.962919,413.711053,410.360705,1662.473221,766.2532,759.368602,1061.743339,706.262571,734.86696
12772,1089.81649,1212.622895,857.373613,980.585241,751.242333,341.740852,1400.642847,872.155552,1040.575747,1011.493185,117.703832,2112.881344,228.439455,412.090454,100.443418,1290.740593,171.364835,1753.879167,1010.390903,566.684712,0.0,785.453939,104.180543,2231.335671,2016.3615,794.487485,1638.709556,110.3228,183.570376,964.683369,541.325379,917.13125,1402.655862,55.968608,91.434459,907.517615,265.116263,381.089113,1246.208833,154.369085,788.956245,112.439055,1742.386849,1185.379404,790.356463,1360.808665,912.735041,183.733357,207.122561,110.876228,257.947667,649.282441,340.756573,410.132766,355.890747,300.10648,1264.011444,852.927591,113.47581,1145.712798,143.252639,281.159758,45.72024,1270.803372,166.312342,1067.320648,1103.971046,2343.703872,1451.830762,984.715945,1065.225795,973.614843,398.14477,164.198343,159.986138,1025.184921,807.039504,986.726382,121.072006,431.843821,1305.10001,162.172982,922.586949,918.10145,86.83773,846.921403,1603.536593,341.623163,1306.539312,384.820703,216.507017,1047.704607,1337.484281,980.395765,156.324007,2167.535369,953.291009,1250.1436,940.255684,1272.947283,1300.706403
17928,1479.459743,1730.501815,1375.252533,1463.056452,1269.121253,527.156,1918.521767,132.448313,1083.025101,1401.136438,814.392908,2630.760264,966.750574,519.206045,834.97724,838.144526,853.730375,2271.758087,270.683664,1084.563632,785.453939,0.0,764.418135,2749.214591,2534.24042,759.043553,2156.588476,697.900139,637.178486,512.087302,1059.204299,1306.774503,1920.534782,841.422546,805.252918,1425.396535,783.452894,898.968033,1764.087753,849.591162,1306.835166,804.963686,2260.265769,1703.258325,246.909708,1878.687585,1430.613961,948.943322,991.390102,697.365705,550.275273,136.171499,691.944266,517.700006,873.769668,1028.925281,1246.217391,172.096269,878.685775,1465.203724,838.474717,799.038678,831.174179,1450.712184,897.116723,1210.895607,1621.849967,2935.089648,1969.709683,1438.034155,325.518556,233.907604,1127.485742,824.557926,625.467802,572.588854,349.334018,1376.369635,856.184293,1197.053786,1822.978931,883.56722,1227.075059,1205.499397,821.950017,1364.800323,1370.034638,560.752433,1824.418233,423.402236,854.860643,1246.666908,597.777042,1370.039017,853.013083,2685.414289,1471.169929,797.547533,200.548445,1158.88369,848.110336
13138,1193.997033,1316.803438,961.554156,1084.765784,855.422876,297.936047,1504.82339,851.138742,1144.756289,1115.673728,221.884375,2217.061887,224.938437,391.073644,70.559106,1269.723782,102.168778,1858.05971,989.374092,670.865255,104.180543,764.418135,0.0,2335.516214,2120.542043,898.668028,1742.890099,66.517996,139.765571,943.666558,645.505922,1021.311793,1506.836405,129.796169,40.834784,1011.698158,195.920207,485.269656,1350.389376,85.173028,893.136788,40.545552,1846.567392,1289.559947,769.339653,1464.989208,1016.915584,184.525188,255.659523,67.071424,214.142862,628.26563,381.562923,389.115955,460.07129,296.605462,1368.191987,831.910781,114.267641,1249.893341,74.056583,385.3403,86.549003,1374.983915,132.698589,1171.50119,1208.151589,2344.495703,1556.011305,1088.896488,1044.208984,952.598032,395.165924,95.002287,138.969327,1004.16811,786.022693,1090.906925,91.766159,432.635652,1409.280553,119.149085,1026.767492,1022.281993,57.531883,951.101946,1707.717136,297.818359,1410.719855,341.015899,147.31096,1151.88515,1316.46747,1084.576308,260.50455,2271.715912,1057.471551,1229.126789,919.238873,1377.127825,1279.689592
3495,1456.932681,1018.712777,1495.149865,1440.52939,1494.816396,2495.256781,830.692824,2636.649252,1686.072465,1391.270611,2226.915342,118.454328,2429.044799,2414.817915,2331.779088,1963.224046,2402.700505,477.456505,2714.101831,1726.273523,2231.335671,2749.214591,2335.516214,0.0,470.420251,2077.911186,871.574506,2341.658471,2364.68116,2257.010264,1704.73335,1462.323063,1144.342219,2287.304278,2322.77013,1323.818057,2496.451934,1911.869122,1452.20724,2385.704755,1502.647171,2343.774726,735.482774,1401.581299,2522.187858,1195.268938,1398.98846,2295.522538,2272.159816,2304.426151,2489.283337,2791.853249,2057.270326,2231.514586,1875.444924,2479.985652,1844.587416,2597.001296,2272.10248,1561.460941,2374.58831,1950.175914,2277.055911,1851.379344,2366.917686,1712.817366,1527.245803,438.956364,1022.055102,1331.06341,2819.780678,2794.996663,2482.670089,2395.534014,2302.556946,2196.508712,2419.763548,1392.727931,2350.972143,2183.615597,940.958719,2392.07312,1612.732938,1563.598168,2318.173401,1384.414269,2184.112564,2572.958834,962.397638,2609.079192,2447.842687,1693.201325,2588.323402,1422.368031,2075.011664,560.462024,1338.312408,1971.550032,2720.159688,1867.780975,1991.69766
5183,1241.95851,803.738606,1280.175694,1225.555219,1279.842225,2280.28261,615.718653,2421.675081,1471.098294,1176.29644,2011.941171,351.965924,2200.620359,2199.843744,2116.804917,1748.249875,2187.726335,262.482334,2499.12766,1511.299352,2016.3615,2534.24042,2120.542043,470.420251,0.0,1862.937015,401.154256,2126.6843,2149.706989,2042.036093,1489.759179,1247.348892,673.921968,2072.330107,2107.795959,1108.843886,2281.477763,1696.894951,1099.685017,2170.730584,1287.673,2128.800555,520.508603,1186.607128,2307.213687,724.848688,1184.014289,2015.089566,2026.701885,2089.45198,2274.309166,2576.879078,1842.296155,2016.540415,1660.470753,2216.566719,1629.613245,2382.027125,2057.128309,1346.48677,2159.614139,1735.201743,2062.08174,1636.405173,2151.943515,1497.843195,1174.72358,656.295308,807.080931,1116.089239,2604.806507,2580.022492,2177.401871,2180.559843,2087.582775,1981.534541,2204.789377,1177.75376,2135.997972,1840.342533,725.984548,2177.098949,1397.758767,1348.623997,2103.19923,1169.440098,1969.138394,2357.984663,747.423467,2394.105021,2232.868516,1478.227154,2373.349231,1207.39386,1860.037493,523.38028,1123.338237,1756.575862,2505.185517,1652.806804,1776.723489
11603,874.769441,1059.198409,642.326564,765.538193,1030.9079,956.805409,1247.218362,626.59524,825.528698,796.446137,801.717207,1959.456858,1022.926939,803.012893,894.930902,658.541409,965.852319,1600.454681,749.420287,351.637663,794.487485,759.043553,898.668028,2077.911186,1862.937015,0.0,1694.15432,904.810285,927.832974,332.484185,820.990946,702.084201,1612.800403,850.456092,885.921944,754.093129,1059.603748,413.398372,1525.8744,948.856569,1068.621812,906.92654,1588.962363,1235.139117,512.133846,1570.953206,738.487969,958.52836,978.714401,867.577965,1040.598594,879.678821,620.42214,794.666399,635.556315,1094.593965,1048.964395,586.947285,907.963295,930.66575,937.740123,560.825325,840.207725,1055.756323,960.799826,852.273599,1383.636613,2263.786243,1298.406277,831.291459,893.10188,804.825625,1172.939773,958.685828,865.70876,392.985737,409.709536,771.679333,915.55949,1074.324974,1360.544774,956.660467,707.5399,703.054401,881.325215,693.496917,1190.431521,1051.075753,1238.748812,1042.24019,1010.994501,832.657558,749.325256,765.348716,638.163478,2014.110883,1117.890862,617.944416,710.105676,979.280573,668.507219
5184,1073.175815,634.955911,1111.392999,1056.772524,887.467224,1902.630666,463.693143,2100.911257,1302.315599,1007.513745,1634.289227,753.120179,1836.418684,1822.1918,1739.152973,1579.46718,1810.07439,663.636589,2239.146607,1342.516657,1638.709556,2156.588476,1742.890099,871.574506,401.154256,1694.15432,0.0,1749.032356,1772.055045,1873.253398,1097.384178,1078.566197,819.630144,1694.678163,1730.144015,940.061191,1903.825819,1504.976751,1136.43655,1793.07864,895.297999,1751.148611,665.262782,794.232126,2019.112168,870.556864,1015.231594,1702.896423,1679.533701,1711.800036,1896.657222,2199.227134,1464.644211,1638.88847,1282.818809,1887.359537,1460.83055,2081.683296,1679.476365,1177.704075,1781.962195,1357.549799,1684.429796,1467.622478,1774.291571,1329.0605,994.198763,1057.449563,638.298236,947.306544,2293.981499,2202.370548,1890.043974,1802.907899,1709.930831,1812.751846,2035.795209,1008.971065,1758.346028,1576.266424,333.609546,1799.447005,1228.976072,1179.841302,1725.547286,1000.657403,1800.355698,1980.332719,455.405508,2016.453077,1855.216572,1309.444459,2204.566536,1038.611165,1482.385549,924.534535,730.963235,1587.793166,2169.011389,1484.024109,1607.940794
13148,1200.13929,1322.945695,967.696413,1090.908041,861.565133,231.418052,1510.965647,800.591402,1150.898547,1121.815985,228.026632,2223.204144,291.456432,337.062577,137.077101,1219.176443,168.686774,1864.201967,938.826752,677.007512,110.3228,697.900139,66.517996,2341.658471,2126.6843,904.810285,1749.032356,0.0,73.247576,893.119218,651.648179,1027.45405,1512.978662,144.985538,107.352779,1017.840415,213.078751,491.411913,1356.531633,151.691024,899.279045,107.063547,1852.709649,1295.702204,718.792313,1471.131465,1023.057841,251.043183,296.139492,73.213681,147.624867,564.147286,387.705181,395.258212,466.213547,363.123458,1374.334244,781.363441,180.785637,1256.035598,140.574578,391.482558,134.737171,1381.126172,199.216584,1177.643448,1214.293846,2411.013698,1562.153562,1095.038745,993.661644,902.050693,461.683919,161.520282,135.37179,953.62077,735.475354,1097.049182,158.284154,499.153647,1415.42281,185.667081,1032.909749,1028.42425,124.049878,957.244203,1713.859393,231.300363,1416.862112,274.497903,213.828956,1158.027407,1265.920131,1090.718565,266.646807,2277.858169,1063.613809,1178.57945,868.691534,1383.270083,1229.142253
13532,1223.161979,1345.968383,990.719102,1113.93073,884.587822,204.41052,1533.988336,727.343827,1173.921235,1144.838674,251.049321,2246.226833,364.704007,263.815002,210.324677,1145.928867,241.934349,1887.224655,865.579177,700.030201,183.570376,637.178486,139.765571,2364.68116,2149.706989,927.832974,1772.055045,73.247576,0.0,819.871643,674.670868,1050.476739,1536.001351,218.233114,180.600354,1040.863103,213.666073,514.434602,1379.554322,224.938599,922.301734,180.311122,1875.732337,1318.724893,645.544738,1494.154154,1046.08053,324.290759,369.387067,134.022117,148.212189,501.006988,355.13134,362.684372,489.236236,436.371033,1397.356932,708.115866,254.033212,1279.058287,213.822153,414.505246,207.984746,1404.148861,272.464159,1200.666136,1237.316535,2484.261273,1585.176251,1118.061434,920.414069,828.803117,534.931494,234.767857,62.124214,880.373195,662.227778,1120.071871,231.531729,572.401223,1438.445499,258.914656,1055.932437,1051.446938,197.297454,980.266891,1677.818979,231.887686,1439.884801,275.085226,285.073822,1181.050096,1192.672555,1113.741253,289.669496,2300.880858,1086.636497,1105.331874,795.443958,1406.292771,1155.894677
16302,967.372441,1238.297487,892.136073,950.969151,1305.971851,709.849157,1426.31744,379.638989,570.937799,889.049137,993.622338,2138.555937,1168.604994,556.056642,1014.225664,326.057225,1045.835336,1779.553759,502.464036,684.121848,964.683369,512.087302,943.666558,2257.010264,2042.036093,332.484185,1873.253398,893.119218,819.871643,0.0,1096.054896,794.687201,1862.609912,1020.651976,984.501341,1003.145184,1007.358357,745.882556,1800.938351,1028.839586,1343.685763,984.212109,1768.061441,1414.238195,265.177594,1820.762715,988.297478,1128.191745,1170.619532,876.595135,793.642342,632.72257,728.794863,554.550604,910.620265,1240.27202,734.13009,339.991033,1057.934199,953.116423,1017.72314,835.889275,1010.403609,938.624883,1076.365146,698.808306,1658.700564,2442.885321,1477.505355,925.946854,646.145629,557.869373,1338.832481,1038.668844,808.160959,60.501552,162.753284,864.282333,1035.432716,1349.388924,1539.643852,1062.815643,714.987758,693.412096,1001.198441,943.306426,857.947336,804.119502,1417.84789,795.283939,1078.766105,734.579606,416.841072,857.951716,913.227429,2193.209961,1367.700371,285.460232,463.149424,646.796388,336.023035
8929,868.573542,944.764337,716.775614,778.16142,209.916955,805.246489,896.918747,1003.52708,962.202488,802.911471,536.90505,1586.279023,739.034506,724.807622,641.768796,1239.354069,712.690213,1227.276846,1141.76243,593.188173,541.325379,1059.204299,645.505922,1704.73335,1489.759179,820.990946,1097.384178,651.648179,674.670868,1096.054896,0.0,838.757992,861.330484,597.293986,632.759838,665.505941,806.441642,407.592574,704.883455,695.694463,247.630867,653.764434,1215.784528,644.054026,921.727991,819.483287,670.723367,605.512246,582.149524,614.415859,799.273045,1101.842957,367.260034,541.504293,185.434632,789.97536,1185.638186,984.299119,582.092188,973.101802,684.578018,260.165622,587.045619,1192.430114,676.907394,988.947389,562.645668,1882.250196,948.106662,742.704271,1196.597322,1104.986371,792.659797,705.523722,612.546654,1156.556448,938.411032,804.368792,660.961851,552.647733,763.774632,702.062827,781.98895,839.728192,628.163109,604.909729,1525.163334,882.948542,765.213934,919.0689,757.832395,969.331349,1468.855809,834.008892,385.001372,1645.76253,411.96563,1247.680056,1071.627212,1194.574024,1160.953673
11477,172.685241,443.610286,279.493578,156.28195,934.534969,1200.556274,631.630239,1174.32619,223.749403,94.361936,943.864886,1343.868736,1132.096677,1120.117408,1037.078581,500.900983,1107.999999,984.866559,1251.778769,369.950453,936.635164,1306.774503,1040.815707,1462.323063,1247.348892,721.588115,1078.566197,1046.957964,1069.980653,794.687201,873.963924,0.0,1177.729425,992.603771,1028.069623,208.457983,1201.751427,555.546052,1282.8824,1091.004248,776.300853,1049.074219,973.374241,619.550994,1059.864795,1135.882229,263.720003,1003.43323,1074.567565,1009.725644,1194.58283,1427.409771,762.569819,936.814079,703.566806,1183.03753,447.1851,1134.678234,975.154358,228.581549,1079.887803,676.333413,982.355404,453.977028,1069.969564,250.494304,1140.644614,1648.19812,682.818154,131.259653,1357.457615,1352.556574,1217.844644,1100.833507,1007.856439,734.185649,957.440485,69.595132,1054.024021,1127.297951,744.956651,1095.124997,456.641894,101.275106,1023.472894,269.054195,786.710249,1278.258327,623.160689,1314.378685,1153.14218,230.878263,1126.00034,63.264515,780.311158,1398.522761,744.687588,509.22697,1257.836625,456.120939,613.279575
5877,1172.339043,858.888743,1082.40882,1143.794625,651.413529,1666.576972,811.043153,1864.857563,1401.478828,1106.676973,1398.235533,1025.887891,1600.36499,1586.138106,1503.099279,1678.630408,1574.020696,936.404302,2003.092913,1261.16274,1402.655862,1920.534782,1506.836405,1144.342219,673.921968,1612.800403,819.630144,1512.978662,1536.001351,1862.609912,861.330484,1177.729425,0.0,1458.624469,1494.090321,1031.139146,1667.772125,1268.923057,649.568277,1557.024946,659.244305,1515.094917,1129.908934,558.178432,1783.058474,163.343136,1036.356572,1466.842729,1443.480007,1475.746342,1660.603528,1963.17344,1228.590517,1402.834776,1046.765115,1651.305843,1559.993778,1845.629602,1443.422671,1276.867303,1545.908501,1121.496105,1448.376102,1566.785706,1538.237877,1373.804355,724.60684,1051.589953,862.231068,1046.469773,2057.927805,1966.316854,1653.99028,1566.854205,1473.877137,1802.10836,1799.741515,1108.134294,1522.292334,1340.21273,677.899038,1563.393311,1147.622155,1279.004531,1489.493592,970.542934,1899.518927,1744.279025,679.33834,1780.399383,1619.162878,1408.607688,2193.923051,1137.774394,1246.331855,1197.302248,494.909541,1686.956395,1932.957695,1583.187338,1526.586878
12751,1145.785097,1268.591502,913.34222,1036.553849,807.21094,376.40359,1456.611454,928.12416,1096.544354,1067.461793,173.672439,2168.849951,172.470848,468.059062,97.970344,1346.7092,166.585524,1809.847774,1066.35951,622.653319,55.968608,841.422546,129.796169,2287.304278,2072.330107,850.456092,1694.678163,144.985538,218.233114,1020.651976,597.293986,973.099857,1458.624469,0.0,88.961386,963.486222,262.64319,437.05772,1302.17744,143.641454,844.924853,109.965982,1798.355456,1241.348011,846.325071,1416.777272,968.703648,127.76475,198.899084,145.538966,292.610405,705.251048,396.72518,466.101373,411.859355,244.137873,1319.980051,908.896199,57.507203,1201.681405,140.779566,337.128365,80.382978,1326.771979,110.343735,1123.289255,1159.939654,2287.735264,1507.799369,1040.684552,1121.194402,1029.58345,342.176163,161.72527,215.954745,1081.153528,863.008111,1042.694989,94.398192,375.875214,1361.068618,135.499168,978.555556,974.070057,72.264287,902.89001,1659.5052,376.285901,1362.50792,419.483441,214.033943,1103.673214,1393.452888,1036.364372,212.292614,2223.503976,1009.259616,1306.112207,996.224291,1328.91589,1356.67501
