,11171,13147,13059,6496,11211,13970,6307,13770,11466,7376,11872,8464,18646,13148,10852,17203,10902,13140,8208,13008,16302,5189,8440,16940,10883,10886,13771,8929,13131,18359,13009,11212,11677,12780,12751,14483,11602,14500,12952,7382,10900,13137,14482,10901,13149,8888,11434,12778,6495,13224,5183,12769,12910,9951,5184,14358,12930,11467,8928,14378,8439,16268,11210,8211,11477,12779,11603,13532,3495,12129,13521,14919,8191,6593,4098,11601,11832,12772,16350,16327,15996,17836,8412,12488,10887,11888,12754,16326,12931,13133,6524,10357,10771,12953,4124,17873,12166,12128,12750,13235,10882
11171,0.0,1182.410885,875.023049,770.521961,101.632788,1367.268071,1135.254232,535.561547,408.277949,626.239857,1174.772083,618.750945,1530.142856,1219.643204,810.603783,1298.68558,754.694469,1252.573043,739.297206,1200.754863,967.372441,979.476177,438.219905,1307.363474,125.869271,263.663814,681.91221,868.573542,1273.518747,1525.241814,1209.763822,103.090109,829.425459,554.949593,1165.289012,673.586223,728.231292,1292.802648,1267.810238,739.566269,330.042597,1221.759459,696.430537,520.996801,1325.82742,958.721451,132.730209,561.741522,967.983859,1180.541679,1241.95851,396.434643,785.964815,244.189123,1073.175815,1450.943567,1226.709261,451.251512,770.910471,1373.241514,677.427772,1130.125725,150.891568,794.384571,172.685241,578.143153,894.273356,1242.665893,1456.932681,935.25506,1366.351064,1487.063925,929.144587,1130.491847,1455.079879,542.635693,1361.919634,1109.320404,1232.550035,1012.942654,836.072389,1424.464009,617.770308,1355.72277,258.329621,1106.164887,1242.654804,906.87089,1196.158134,1314.525974,942.562111,1121.907569,1157.070813,1263.689489,1338.478354,1347.01143,273.960346,952.996398,1192.508675,1109.499319,203.067601
13147,1162.90697,0.0,1676.627073,1618.015431,1084.583666,220.838547,1177.061527,1252.793131,796.28934,1473.733327,251.596611,1466.244416,977.137561,73.213681,486.355415,1249.396047,428.981228,141.128006,1026.381489,107.906207,876.595135,1826.969647,1285.713375,764.839357,1057.806425,920.011883,1162.055366,614.415859,162.07371,885.526609,137.630529,1059.816862,354.250238,1337.101924,145.538966,1202.652359,454.179593,324.00222,186.220509,1378.190491,915.255663,107.616975,1379.805162,662.678896,214.382383,853.909677,1053.486245,1343.893852,1815.477329,71.897904,2089.45198,1113.666227,1212.618169,1091.682593,1711.800036,304.514044,158.837582,995.677429,862.046726,264.597738,1524.921242,718.95127,1053.675722,1203.015529,990.22173,1346.037763,867.577965,134.022117,2304.426151,314.4915,219.921541,347.711584,824.332813,1433.899145,2302.57335,639.775192,462.237347,110.876228,702.268229,1007.69328,1040.166193,922.302669,1379.629793,363.676885,985.825521,190.794312,199.770012,937.096687,124.603306,203.080937,1790.055581,499.707075,427.798778,152.244452,2185.971824,784.067318,991.19193,229.414487,184.029467,322.044532,980.608095
13059,875.023049,1682.321329,0.0,1497.701844,792.841954,1651.589678,1862.434115,515.606299,1075.225395,1353.419741,1676.028915,1345.930829,1420.71775,1719.553649,1503.627364,1189.260475,1376.162491,1752.483488,1466.477089,1700.665308,857.947336,1706.65606,1165.399788,1197.938369,853.049155,990.843697,783.697824,1561.597122,1773.429192,1415.816709,1709.674266,820.523399,1348.929098,385.660254,1665.199456,531.890112,1228.141737,1414.003978,1767.720682,1466.746153,1057.22248,1721.669904,354.737309,1248.176684,1825.737865,1685.901334,787.968658,332.733221,1695.163742,1666.108295,1969.138394,654.733204,1037.492096,971.369007,1800.355698,1662.066838,1726.619706,972.400894,1498.090355,1567.796493,1404.607656,1020.70062,878.071451,1521.564454,786.710249,624.561715,1190.431521,1677.818979,2184.112564,1435.165504,1751.916917,1653.231275,1656.324471,1857.67173,2182.259763,1042.546138,1890.440329,1609.230849,1123.12493,903.517549,694.376278,1315.038904,1344.950191,1855.633215,985.509504,1616.460571,1742.565249,797.445784,1696.068579,1814.436419,1669.741994,1814.93115,1850.094393,1763.599933,2065.658237,1237.586325,685.435143,1452.906842,1692.41912,1412.497939,930.247485
6496,770.521961,1618.015431,1497.701844,0.0,704.85989,1802.872617,915.137216,1138.788649,883.348655,144.282104,1609.111818,748.69864,2133.369958,1655.247751,1244.943518,1901.912682,1189.034204,1688.177589,651.901688,1636.35941,1570.599543,208.954216,332.302057,1910.590576,644.65269,698.003549,1285.139312,1018.32263,1709.123294,2108.585943,1645.368368,706.317211,1263.765194,1158.176695,1600.893558,1276.813325,1225.458402,1728.407194,1705.662399,254.547999,764.382332,1657.364006,1299.657639,955.336536,1761.431967,958.502743,735.957311,1164.968624,197.461898,1616.146226,471.43655,999.661745,1305.28694,526.332838,467.800884,1886.548114,1664.561423,926.322217,816.236451,1808.846061,335.644382,1733.352827,754.11867,429.72296,775.912343,1181.370255,1391.500465,1678.27044,686.410721,1370.859606,1801.955611,1922.668472,808.405676,890.599839,684.557919,1039.862803,1796.259369,1544.924951,1835.777137,1616.169756,1439.299491,2027.691111,275.986917,1793.574932,712.57774,1540.504622,1680.506966,1510.097992,1631.762681,1750.130521,464.588116,1497.204877,1591.410548,1699.294035,567.956394,1950.238532,877.187448,1388.600944,1630.360837,1545.103865,637.407337
11211,101.632788,1104.08758,792.841954,704.85989,0.0,1288.944766,1069.592161,457.238243,342.615879,560.577787,1097.795166,553.088875,1451.819551,1141.3199,744.941713,1220.362275,689.032398,1174.249738,673.635136,1122.431559,889.049137,913.814106,372.557834,1229.040169,60.207201,198.001743,603.588905,802.911471,1195.195442,1446.91851,1131.440517,37.428038,763.763388,453.316806,1086.965707,595.262919,649.907987,1214.479343,1189.486933,673.904199,264.380526,1143.436155,618.107233,455.33473,1247.504116,893.05938,31.097421,460.108734,902.321788,1102.218375,1176.29644,318.111338,707.64151,178.527053,1007.513745,1372.620263,1148.385957,385.589441,705.248401,1294.918209,611.765702,1051.802421,85.229497,728.7225,94.361936,476.510365,815.950051,1164.342588,1391.270611,856.931755,1288.027759,1408.740621,863.482517,1064.829776,1389.417809,464.312388,1296.257564,1030.9971,1154.226731,934.619349,757.749084,1346.140704,552.108237,1277.399465,192.66755,1038.226821,1164.331499,828.547585,1117.83483,1236.20267,876.90004,1056.245499,1091.408742,1185.366184,1272.816283,1268.688125,195.637041,874.673093,1114.18537,1031.176014,137.405531
13970,1347.764156,220.838547,1651.589678,1802.872617,1269.440852,0.0,1361.918713,1257.724242,981.146526,1658.590513,398.668049,1651.101602,848.452908,147.624867,671.212601,1148.052315,613.838414,288.199444,1211.238675,254.977645,793.642342,2011.826833,1470.570561,681.886565,1242.663611,1104.869069,1079.102574,799.273045,288.918165,784.182877,284.701968,1244.674048,539.107424,1521.95911,292.610405,1119.699566,639.036779,237.585701,333.291947,1563.047677,1100.112849,254.688413,1296.85237,847.536082,319.220881,1038.766863,1238.343431,1528.751038,2000.334515,194.153156,2274.309166,1298.523413,1129.665377,1276.53978,1896.657222,83.675497,305.90902,1180.534615,1046.903912,83.793186,1709.778428,635.998478,1238.532908,1387.872715,1175.078916,1440.43873,1040.598594,148.212189,2489.283337,487.160282,134.424357,126.873037,1009.189999,1618.756331,2487.430536,824.632378,591.845981,257.947667,619.315437,924.740487,957.213401,820.958936,1564.486979,493.285519,1170.682707,375.651498,346.84145,854.143894,271.674745,247.910938,1974.912767,646.778513,574.870216,299.31589,2370.82901,682.723586,1176.049116,414.271673,331.100906,420.88903,1165.465281
6307,1135.254232,1177.061527,1862.434115,915.137216,1069.592161,1361.918713,0.0,1503.520921,1005.696078,793.733333,1168.157913,1244.429299,1759.24299,1214.293846,803.989614,2031.501476,748.080299,1247.223685,395.957026,1195.405505,1658.700564,1124.091431,841.578922,1546.944786,1009.384961,871.590419,1649.871583,562.645668,1268.169389,1667.632038,1204.414464,1071.049482,822.811289,1522.908966,1159.939654,1641.545596,970.238242,1287.45329,1264.708495,660.589217,886.729755,1216.410101,1664.38991,910.222409,1320.478062,502.825781,1100.689582,1529.700895,1112.599113,1175.192321,1174.72358,1364.394016,1427.634363,1022.063497,994.198763,1445.594209,1223.607519,1048.66964,510.96283,1367.892156,844.921248,1501.056699,1044.84211,485.414256,1140.644614,1546.102526,1383.636613,1237.316535,1527.245803,929.905702,1361.001706,1481.714567,352.728714,716.297872,1439.109539,1155.833841,1355.305465,1103.971046,1484.373658,1789.798709,1770.750181,1704.408098,662.028519,1352.621027,937.404057,1099.550717,1239.553061,1703.155845,1190.808776,1309.176616,1110.055586,1041.527914,1150.456643,1258.340131,1483.093609,1566.172747,1241.919719,947.64704,1189.406932,1104.149961,932.186631
13770,535.561547,1258.487388,515.606299,1138.788649,457.238243,1257.724242,1503.520921,0.0,651.391454,994.506546,1252.194974,987.017634,1026.852315,1295.719708,1079.793423,795.395039,952.32855,1328.649546,1107.563895,1276.831367,464.0819,1347.742865,806.486593,804.072933,494.13596,631.930502,268.091526,1137.763181,1349.595251,1021.951273,1285.840325,432.471439,925.095156,391.789052,1241.365515,138.024676,804.307795,1020.138542,1343.886741,1107.832958,698.309286,1297.835963,160.86899,889.263489,1401.903924,1326.988139,426.140822,506.813989,1336.250547,1256.618183,1610.225199,139.126905,643.62666,612.455812,1441.442504,1268.201402,1302.785765,548.566953,1139.17716,1173.931057,1045.694461,626.835184,519.158257,1162.65126,362.876307,214.985494,796.566085,1283.953543,1825.19937,1011.331563,1358.051481,1259.365839,1297.411276,1498.758535,1823.346568,618.712196,1466.606387,1185.396908,729.259494,509.652113,300.510842,921.173468,986.036996,1431.799273,626.596309,1192.62663,1318.731307,403.580349,1272.234638,1390.602478,1310.828799,1391.097209,1426.260452,1339.765992,1706.745043,843.720889,261.601202,1029.072901,1268.585178,1018.632504,571.33429
11466,408.277949,796.28934,1036.75226,883.348655,342.615879,981.146526,1005.696078,612.918318,0.0,739.066551,817.655736,731.577639,1378.470803,833.52166,645.254185,1245.688985,517.789312,866.451498,609.739052,814.633319,840.635995,1092.302871,551.046599,1095.099095,323.139649,185.345107,759.268981,703.223943,887.397203,1286.859852,823.642277,344.073199,489.5367,697.227111,779.167467,750.942994,342.109747,906.681103,885.371842,852.392963,118.966323,835.637915,773.787308,391.438646,939.705876,829.163296,373.7133,704.019039,1080.810553,794.420135,1354.785204,473.791414,578.352812,357.015817,1186.002509,1064.822023,844.270865,199.388089,641.352317,987.11997,790.254466,917.861346,257.386382,831.91778,350.346917,706.16295,508.151811,856.544349,1569.759375,549.133515,980.22952,1100.942381,799.586433,1062.801396,1567.906573,156.514148,1032.067149,723.19886,1020.285656,959.946059,913.42916,1257.572098,730.597002,997.260036,230.336159,730.428582,884.19207,853.874295,810.03659,928.40443,1055.388805,956.557971,991.721214,877.567944,1451.305048,1134.747051,351.317117,566.874853,834.04594,723.377774,245.941319
7376,626.239857,1473.733327,1353.419741,144.282104,560.577787,1658.590513,793.733333,994.506546,739.066551,0.0,1464.829714,604.416536,1989.087854,1510.965647,1100.661415,1757.630578,1044.7521,1543.895486,530.497805,1492.077306,1426.31744,353.23632,188.019953,1766.308473,500.370586,553.721445,1140.857209,896.918747,1564.84119,1964.303839,1501.086264,562.035107,1119.48309,1013.894592,1456.611454,1132.531222,1081.176298,1584.125091,1561.380296,250.440258,620.100228,1513.081902,1155.375536,811.054432,1617.149863,837.09886,591.675207,1020.68652,341.744002,1471.864122,615.718653,855.379641,1161.004836,382.050734,463.693143,1742.26601,1520.279319,782.040114,694.832568,1664.563957,191.362278,1589.070724,609.836566,308.319077,631.630239,1037.088151,1247.218362,1533.988336,830.692824,1226.577502,1657.673507,1778.386368,687.001793,769.195956,828.840023,895.580699,1651.977266,1400.642847,1691.495034,1471.887652,1295.017387,1883.409007,131.704814,1649.292828,568.295636,1396.222518,1536.224862,1365.815888,1487.480577,1605.848417,456.496617,1375.800994,1447.128444,1555.011931,712.238497,1805.956428,732.905344,1244.318841,1486.078733,1400.821762,493.125233
11872,1133.08857,251.596611,1646.808673,1588.976048,1054.765266,398.668049,1148.022143,1222.974732,793.357642,1444.693944,0.0,1437.205032,1228.734171,251.043183,364.1683,1500.992658,399.941844,195.508584,997.342105,143.690405,1128.191745,1797.930263,1256.673991,1016.435968,1028.767042,890.972499,1369.325394,585.376476,216.454289,1137.12322,152.699363,1029.998462,403.117276,1307.283524,127.76475,1360.999407,550.544228,575.598831,190.228187,1349.151107,906.111835,164.695001,1383.843722,633.639512,268.762962,713.449167,1023.667845,1314.075452,1786.437945,323.494514,2015.089566,1083.847827,1371.710453,1062.64321,1682.760653,482.343546,149.127211,992.745731,833.007342,482.461235,1495.881859,970.547881,1050.744023,1173.976146,960.40333,1316.219363,963.9426,324.290759,2275.386768,510.211688,397.288963,525.541086,795.29343,1404.859762,2273.533966,736.139827,273.150392,183.733357,953.86484,1259.289891,1291.762804,1173.899279,1350.590409,239.126316,956.786138,248.131529,165.072753,1188.693297,126.993305,257.461516,1761.016197,248.110464,176.202167,198.370472,2156.932441,1035.663929,961.37353,340.057364,114.926624,573.641142,951.568711
8464,618.750945,1466.244416,1345.930829,748.69864,553.088875,1651.101602,1244.429299,987.017634,731.577639,604.416536,1457.340803,0.0,1981.598942,1503.476736,1093.172503,1750.141666,1037.263189,1536.406574,981.193771,1484.588394,1418.828528,957.652856,416.396584,1758.819561,492.881675,546.232533,1133.368297,1151.142262,1557.352278,1956.814927,1493.597353,554.546195,1111.994179,1006.40568,1449.122543,1125.04231,1073.687386,1576.636179,1553.891384,717.742949,612.611317,1505.59299,1147.886624,803.56552,1609.660952,1241.29017,584.186296,1013.197608,709.449272,1464.37521,1220.135189,847.890729,1153.515925,374.561823,1051.352494,1734.777098,1512.790408,774.551202,1053.479191,1657.075045,419.738909,1581.581812,602.347654,772.56125,624.141327,1029.599239,1239.72945,1526.499424,1435.10936,1219.088591,1650.184595,1770.897457,1137.697759,1219.891922,1433.256559,888.091787,1644.488354,1393.153936,1684.006122,1464.398741,1287.528476,1875.920096,595.946987,1641.803916,560.806724,1388.733606,1528.73595,1358.326976,1479.991666,1598.359506,442.323054,1404.476289,1439.639533,1547.52302,1316.655033,1798.467517,725.416433,1236.829929,1478.589821,1393.33285,485.636321
18646,1530.142856,977.137561,1420.71775,2133.369958,1451.819551,848.452908,1759.24299,1026.852315,1378.470803,1989.087854,1228.734171,1981.598942,0.0,993.661644,1138.627564,626.274771,1011.162691,1118.265566,1608.562952,1085.043767,646.145629,2342.324174,1801.067901,306.154596,1488.717268,1502.193346,848.230646,1196.597322,1122.735561,91.610952,1114.768089,1427.052747,936.431701,1296.900504,1121.194402,888.827639,1036.361056,656.599068,1163.358069,1960.371954,1439.698057,1084.754535,1065.980442,1244.860359,1153.038277,1436.09114,1420.72213,1501.395297,2330.831856,908.703385,2604.806507,1133.708213,898.793449,1607.03712,2293.981499,858.930067,1135.975142,1277.758172,1444.228189,810.391583,2040.275769,483.392345,1513.739565,1785.196992,1357.457615,1209.566803,893.10188,920.414069,2819.780678,829.337289,968.516828,721.579871,1406.514276,2016.080609,2817.927876,1221.956655,1425.663377,1065.225795,380.968035,517.200202,726.341473,143.681593,1961.811256,1327.102915,1551.067892,1094.164764,1176.907572,623.271967,1101.740866,1081.728333,2305.410107,1449.93135,1404.936338,1129.382012,2701.326351,269.841336,1256.18251,1013.769854,1161.167027,655.093029,1562.789558
13148,1200.13929,73.213681,1713.859393,1655.247751,1121.815985,147.624867,1214.293846,1290.025451,833.52166,1510.965647,251.043183,1503.476736,993.661644,0.0,523.587735,1265.920131,466.213547,140.574578,1063.613809,107.352779,893.119218,1864.201967,1322.945695,781.363441,1095.038745,957.244203,1178.57945,651.648179,161.520282,902.050693,137.077101,1097.049182,391.482558,1374.334244,144.985538,1219.176443,491.411913,337.062577,185.667081,1415.42281,952.487983,107.063547,1396.329246,699.911216,213.828956,891.141997,1090.718565,1381.126172,1852.709649,135.37179,2126.6843,1150.898547,1229.142253,1128.914913,1749.032356,231.300363,158.284154,1032.909749,899.279045,231.418052,1562.153562,735.475354,1090.908041,1240.247849,1027.45405,1383.270083,904.810285,73.247576,2341.658471,387.705181,146.70786,274.497903,861.565133,1471.131465,2339.80567,677.007512,461.683919,110.3228,718.792313,1024.217364,1056.690277,938.826752,1416.862112,363.123458,1023.057841,228.026632,199.216584,953.62077,124.049878,202.527509,1827.287901,499.153647,427.24535,151.691024,2223.204144,800.591402,1028.42425,266.646807,183.476039,395.258212,1017.840415
10852,810.603783,486.355415,1467.193576,1244.943518,744.941713,671.212601,803.989614,1043.359635,613.742545,1100.661415,364.1683,1093.172503,1138.627564,523.587735,0.0,1410.88605,127.464874,556.517574,653.309576,504.699394,1038.085138,1453.897734,912.641462,926.32936,684.734512,546.93997,1189.710297,241.343947,577.463278,1047.016612,513.708352,746.399033,202.195863,1127.668427,469.233542,1181.384311,349.622816,666.837864,554.396486,1005.118578,562.079306,525.70399,1204.228625,289.606983,629.771951,480.837764,776.039133,1134.460355,1442.405416,484.48621,1716.380068,904.23273,1102.983914,718.610681,1338.728124,754.888098,513.29551,724.019192,488.974813,677.186045,1151.84933,880.441273,720.191662,829.943617,780.788233,1136.604266,763.021188,546.610424,1931.354239,309.290276,670.295595,791.008456,451.260901,1060.827233,1929.501437,535.218415,551.315851,413.264935,863.758232,1169.183283,1201.656196,1083.792672,1006.55788,590.4807,612.753609,295.561104,529.241053,1098.58669,491.161605,618.470505,1416.983668,311.303787,346.46703,562.538772,1812.899911,945.557321,781.758433,327.031614,479.094924,483.534535,607.536182
17203,1298.68558,1249.396047,1189.260475,1901.912682,1220.362275,1148.052315,2031.501476,795.395039,1245.688985,1757.630578,1500.992658,1750.141666,626.274771,1265.920131,1410.88605,0.0,1283.421177,1390.524052,1699.01351,1357.302253,416.841072,2110.866898,1569.610626,489.566381,1257.259992,1274.619564,616.77337,1468.855809,1411.469756,643.559114,1387.026576,1195.595472,1208.690187,1065.443228,1393.452888,657.370363,1162.723628,928.857554,1435.616555,1870.95699,1208.240781,1357.013021,834.523166,1480.713104,1451.567017,1708.349626,1189.264854,1269.938021,2099.37458,1180.961871,2373.349231,902.250937,667.336173,1375.579844,2204.566536,1158.529474,1408.233628,1046.300896,1716.486675,1082.650069,1808.818493,579.594356,1282.282289,1921.192237,1126.00034,978.109527,749.325256,1192.672555,2588.323402,1101.595775,1266.770493,1021.179278,1678.772763,2152.075854,2586.4706,1100.962919,1711.633393,1337.484281,564.37982,285.742926,494.884197,520.595924,1749.161029,1613.072932,1319.610617,1366.42325,1449.166058,391.814691,1373.999353,1380.257074,2073.952832,1722.189836,1677.194824,1401.640498,2469.869075,465.328729,1024.725234,1286.028341,1433.425514,927.351516,1334.458323
10902,754.694469,428.981228,1339.728703,1189.034204,689.032398,613.838414,748.080299,915.894762,486.277672,1044.7521,424.936429,1037.263189,1011.162691,466.213547,127.464874,1283.421177,0.0,499.143386,597.400262,447.325206,910.620265,1397.98842,856.732148,798.864487,628.825198,491.030656,1062.245424,185.434632,520.08909,919.551739,456.334165,690.489719,74.73099,1000.203554,411.859355,1053.919437,222.157943,539.372991,516.628196,949.209264,506.169992,468.329802,1076.763752,233.697669,572.397763,424.92845,716.587875,1006.995482,1386.496102,427.112022,1660.470753,776.767857,1047.0746,662.701366,1282.818809,697.51391,475.52722,668.109877,433.065498,619.811857,1095.940015,752.9764,664.282347,774.034302,653.32336,1009.139393,635.556315,489.236236,1875.444924,181.825403,612.921407,733.634269,395.351586,1004.917918,1873.592123,407.753542,639.347842,355.890747,736.293359,1041.71841,1074.191323,956.327799,950.648565,604.540728,556.844294,363.120469,491.472762,971.121817,442.728477,561.096317,1361.074354,438.76866,473.931903,510.259832,1756.990597,818.092448,654.29356,199.566741,441.326633,356.069662,551.626868
13140,1233.069129,141.128006,1746.789231,1688.177589,1154.745824,288.199444,1247.223685,1322.95529,866.451498,1543.895486,195.508584,1536.406574,1118.265566,140.574578,556.517574,1390.524052,499.143386,0.0,1096.543647,54.515628,1017.72314,1897.131805,1355.875533,905.967363,1127.968583,990.174041,1303.183372,684.578018,20.945705,1026.654615,42.809222,1129.97902,424.412396,1407.264082,140.779566,1343.780364,524.341752,465.130226,59.198552,1448.352649,985.417821,33.511032,1483.82428,732.841054,73.254378,908.957751,1123.648403,1414.056011,1885.639487,213.025909,2159.614139,1183.828385,1353.746175,1161.844752,1781.962195,319.459431,80.245159,1065.839587,932.208884,371.992629,1595.083401,860.079275,1123.83788,1273.177688,1060.383889,1416.199921,937.740123,213.822153,2374.58831,455.619506,201.780379,415.072481,894.494972,1504.061304,2372.735508,709.937351,321.109341,143.252639,843.396235,1148.821285,1181.294199,1063.430674,1449.791951,222.54888,1055.98768,260.95647,78.527458,1078.224692,68.515279,61.952932,1860.217739,443.619048,371.710751,31.001897,2256.133983,925.195324,1061.354088,299.576646,127.94144,463.172537,1050.770253
8208,739.297206,1026.381489,1466.477089,651.901688,673.635136,1211.238675,395.957026,1107.563895,609.739052,530.497805,1017.477876,981.193771,1608.562952,1063.613809,653.309576,1699.01351,597.400262,1096.543647,0.0,1044.725467,1367.700371,860.855904,578.343395,1396.264749,613.427935,475.633393,1253.914557,411.96563,1117.489351,1516.952,1053.734426,675.092456,672.131252,1126.951941,1009.259616,1245.588571,819.558204,1136.773252,1114.028457,397.35369,490.772729,1065.730064,1268.432885,614.140184,1169.798025,352.145743,704.732556,1133.743869,849.363586,1024.512284,1123.338237,968.43699,1031.677337,647.304104,730.963235,1294.914171,1072.927481,652.712614,164.334764,1217.212118,581.68572,1350.376661,648.885084,222.178728,744.687588,1150.1455,1117.890862,1086.636497,1338.312408,779.225664,1210.321668,1331.03453,289.225487,453.062344,1336.459607,766.2532,1204.625427,953.291009,1333.693621,1413.270584,1374.793155,1553.72806,398.792992,1201.940989,541.447031,948.870679,1088.873023,1307.198819,1040.128739,1158.496579,846.820058,890.847877,999.776606,1107.660093,1219.858081,1415.49271,845.962693,796.967002,1038.726894,953.469923,536.229605
13008,1181.250949,107.906207,1694.971052,1636.35941,1102.927644,254.977645,1195.405505,1271.13711,814.633319,1492.077306,143.690405,1484.588394,1085.043767,107.352779,504.699394,1357.302253,447.325206,54.515628,1044.725467,0.0,984.501341,1845.313626,1304.057354,872.745564,1076.150404,938.355862,1269.961573,632.759838,75.461332,993.432816,30.302787,1078.160841,372.594216,1355.445903,88.961386,1310.558565,472.523572,431.908427,92.032352,1396.534469,933.599642,21.004597,1432.0061,681.022874,127.770005,857.139571,1071.830224,1362.237831,1833.821308,179.80411,2107.795959,1132.010206,1320.524376,1110.026572,1730.144015,338.653142,50.931375,1014.021408,880.390704,338.77083,1543.265221,826.857476,1072.0197,1221.359508,1008.565709,1364.381741,885.921944,180.600354,2322.77013,422.397707,254.060639,381.850682,842.676792,1452.243124,2320.917328,658.119171,358.101818,91.434459,810.174436,1115.599486,1148.0724,1030.208875,1397.973771,260.063528,1004.1695,209.138291,105.581855,1045.002893,16.6971,116.468559,1808.39956,391.800869,319.892571,65.632073,2204.315803,891.973525,1009.535909,247.758466,76.123261,429.950738,998.952074
16302,967.372441,876.595135,857.947336,1570.599543,889.049137,793.642342,1658.700564,464.0819,840.635995,1426.31744,1128.191745,1418.828528,646.145629,893.119218,1038.085138,416.841072,910.620265,1017.72314,1367.700371,984.501341,0.0,1779.553759,1238.297487,339.991033,925.946854,943.306426,285.460232,1096.054896,1038.668844,557.869373,1014.225664,864.282333,835.889275,734.13009,1020.651976,326.057225,745.882556,556.056642,1062.815643,1539.643852,876.927643,984.212109,503.210028,1144.317933,1078.766105,1335.548714,857.951716,938.624883,1768.061441,808.160959,2042.036093,570.937799,336.023035,1044.266706,1873.253398,804.119502,1035.432716,714.987758,1343.685763,709.849157,1477.505355,162.753284,950.969151,1589.879099,794.687201,646.796388,332.484185,819.871643,2257.010264,728.794863,893.969581,795.283939,1305.971851,1820.762715,2255.157462,684.121848,1338.832481,964.683369,265.177594,131.098146,163.571059,502.464036,1417.84789,1240.27202,988.297478,993.622338,1076.365146,60.501552,1001.198441,1007.456161,1742.639693,1349.388924,1304.393912,1028.839586,2138.555937,379.638989,693.412096,913.227429,1060.624601,554.550604,1003.145184
5189,979.476177,1826.969647,1706.65606,208.954216,913.814106,2011.826833,1124.091431,1347.742865,1092.302871,353.23632,1818.066034,957.652856,2342.324174,1864.201967,1453.897734,2110.866898,1397.98842,1897.131805,860.855904,1845.313626,1779.553759,0.0,541.256273,2119.544792,853.606906,906.957765,1494.093528,1227.276846,1918.077509,2317.540159,1854.322584,915.271427,1472.71941,1367.130911,1809.847774,1485.767541,1434.412617,1937.36141,1914.616615,463.502214,973.336548,1866.318222,1508.611855,1164.290752,1970.386183,1167.456959,944.911527,1373.92284,258.02627,1825.100442,262.482334,1208.615961,1514.241156,735.287054,663.636589,2095.50233,1873.515639,1135.276433,1025.190667,2017.800277,544.598598,1942.307043,963.072886,638.677176,984.866559,1390.324471,1600.454681,1887.224655,477.456505,1579.813822,2010.909826,2131.622688,1017.359892,987.331022,475.603703,1248.817018,2005.213585,1753.879167,2044.731353,1825.123972,1648.253707,2236.645327,484.941133,2002.529148,921.531956,1749.458838,1889.461182,1719.052207,1840.716897,1959.084737,525.152488,1706.159092,1800.364764,1908.248251,359.002178,2159.192748,1086.141664,1597.55516,1839.315052,1754.058081,846.361553
8440,438.219905,1285.713375,1165.399788,332.302057,372.557834,1470.570561,841.578922,806.486593,551.046599,188.019953,1276.809762,416.396584,1801.067901,1322.945695,912.641462,1569.610626,856.732148,1355.875533,578.343395,1304.057354,1238.297487,541.256273,0.0,1578.28852,312.350634,365.701493,952.837256,944.764337,1376.821237,1776.283886,1313.066312,374.015155,931.463138,825.874639,1268.591502,944.511269,893.156345,1396.105138,1373.360343,301.346365,432.080276,1325.06195,967.355583,623.03448,1429.129911,884.94445,403.655255,832.666568,529.763955,1283.84417,803.738606,667.359689,972.984884,194.030782,634.955911,1554.246058,1332.259367,594.020161,742.678158,1476.544004,239.207868,1401.050771,421.816614,356.164667,443.610286,849.068199,1059.198409,1345.968383,1018.712777,1038.55755,1469.653554,1590.366416,734.847383,817.041546,1016.859975,707.560746,1463.957313,1212.622895,1503.475081,1283.8677,1106.997435,1695.389055,179.550404,1461.272876,380.275684,1208.202566,1348.20491,1177.795935,1299.460625,1417.828465,504.342207,1223.945248,1259.108492,1366.991979,900.25845,1617.936476,544.885392,1056.298888,1298.05878,1212.801809,305.10528
16940,1307.363474,764.839357,1197.938369,1910.590576,1229.040169,681.886565,1546.944786,804.072933,1095.099095,1766.308473,1016.435968,1758.819561,306.154596,781.363441,926.32936,489.566381,798.864487,905.967363,1396.264749,872.745564,339.991033,2119.544792,1578.28852,0.0,1265.937887,1280.444201,625.451264,984.299119,926.913067,217.878341,902.469886,1204.273366,724.133497,1074.121122,908.896199,666.048257,824.062853,444.300864,951.059865,1748.07375,1214.065418,872.456332,843.20106,1032.562156,967.010328,1223.792937,1197.942749,1278.615915,2108.052474,696.405181,2382.027125,910.928832,676.014067,1384.257739,2081.683296,692.363725,923.676939,1054.97879,1231.929985,598.09338,1817.496388,177.237749,1290.960183,1572.898789,1134.678234,986.787421,586.947285,708.115866,2597.001296,617.039085,782.213804,562.049064,1194.216073,1803.782405,2595.148495,938.584947,1227.076704,852.927591,74.813439,380.491813,503.562092,162.473003,1749.513052,1128.516242,1325.435253,881.86656,964.609369,400.492585,889.442663,895.700384,2082.630726,1237.633147,1192.638134,917.083808,2478.546969,39.647956,1033.403129,801.471651,948.868824,442.794826,1341.040413
10883,125.869271,1057.806425,853.049155,644.65269,60.207201,1242.663611,1009.384961,494.13596,323.139649,500.370586,1048.902812,492.881675,1488.717268,1095.038745,684.734512,1257.259992,628.825198,1127.968583,613.427935,1076.150404,925.946854,853.606906,312.350634,1265.937887,0.0,137.794543,640.486623,742.704271,1148.914288,1483.816227,1085.159362,61.664521,703.556188,513.524006,1040.684552,632.160636,665.249396,1168.198188,1145.453393,613.696999,204.173326,1097.155,655.00495,395.12753,1201.222961,832.85218,91.304622,520.315934,842.114588,1055.93722,1116.089239,355.009055,744.539228,118.319852,947.306544,1326.339108,1104.352417,366.113211,645.0412,1248.637055,551.558501,1088.700138,109.46598,668.5153,131.259653,536.717565,831.291459,1118.061434,1331.06341,810.6506,1241.746605,1362.459466,803.275316,1004.622576,1329.210609,479.653797,1236.050363,984.715945,1191.124448,971.517066,794.646802,1383.038422,491.901037,1233.365926,152.368734,980.295616,1120.29796,865.445302,1071.553675,1189.921515,816.69284,996.038299,1031.201542,1139.085029,1212.609083,1305.585843,232.534758,828.391938,1070.151831,984.894859,77.198331
10886,263.663814,920.011883,990.843697,698.003549,198.001743,1104.869069,871.590419,631.930502,185.345107,553.721445,911.10827,546.232533,1502.193346,957.244203,546.93997,1274.619564,491.030656,990.174041,475.633393,938.355862,943.306426,906.957765,365.701493,1280.444201,137.794543,0.0,778.281165,604.909729,1011.119745,1410.582394,947.36482,199.459064,565.761646,651.318548,902.89001,769.955178,527.454853,1030.403646,1007.658851,667.047857,66.378784,959.360458,792.799492,257.332988,1063.428419,695.057638,229.099164,658.110477,895.465447,918.142678,1169.440098,492.803598,607.283392,171.670711,1000.657403,1188.544566,966.557875,228.318669,507.246658,1110.842512,604.90936,1103.206452,173.251692,697.812121,269.054195,674.512108,693.496917,980.266891,1384.414269,672.856058,1103.952062,1224.664924,665.480774,928.695737,1382.561467,341.859254,1098.255821,846.921403,1205.630763,988.876639,932.441344,1400.397994,545.251896,1095.571384,65.813639,842.501074,982.503418,882.804874,933.759133,1052.126973,870.043699,858.243756,893.407,1001.290487,1265.959942,1309.123104,370.329301,690.597396,932.357288,847.100317,60.596213
13771,681.91221,1162.055366,783.697824,1285.139312,603.588905,1079.102574,1649.871583,268.091526,797.742117,1140.857209,1398.545637,1133.368297,848.230646,1178.57945,1226.144085,616.77337,1098.679212,1303.183372,1253.914557,1269.961573,285.460232,1494.093528,952.837256,625.451264,640.486623,778.281165,0.0,1284.113844,1324.129076,843.329605,1299.685895,578.822102,1071.445819,646.372723,1306.112207,406.116202,950.658458,841.516873,1348.275874,1254.183621,844.659948,1269.672341,428.960516,1035.614152,1364.226336,1473.338802,572.491485,653.164651,1482.60121,1093.62119,1756.575862,285.477568,465.004992,758.806475,1587.793166,1089.579733,1320.892947,694.917615,1285.527822,995.309389,1192.045124,448.213516,665.508919,1309.001922,509.22697,361.336157,617.944416,1105.331874,1971.550032,1014.255094,1179.429813,1080.74417,1443.761938,1645.109198,1969.697231,765.062859,1612.95705,1250.1436,550.637826,331.030444,292.553016,742.551799,1132.387659,1525.732251,772.946972,1279.082569,1361.825378,224.95868,1286.658672,1292.916393,1457.179462,1537.447871,1572.611115,1314.299817,1853.095705,665.09922,407.951865,1175.423564,1346.084833,840.010835,717.684953
8929,868.573542,614.415859,1525.163334,1018.32263,802.911471,799.273045,562.645668,1101.329393,671.712303,896.918747,605.512246,1151.142262,1196.597322,651.648179,241.343947,1468.855809,185.434632,684.578018,411.96563,632.759838,1096.054896,1227.276846,944.764337,984.299119,742.704271,604.909729,1247.680056,0.0,705.523722,1104.986371,641.768796,804.368792,260.165622,1185.638186,597.293986,1239.354069,407.592574,724.807622,702.062827,763.774632,620.049065,653.764434,1262.198383,347.576742,757.832395,239.493818,834.008892,1192.430114,1215.784528,612.546654,1489.759179,962.202488,1160.953673,776.580439,1097.384178,882.948542,660.961851,781.98895,247.630867,805.246489,948.106662,938.411032,778.16142,588.599671,838.757992,1194.574024,820.990946,674.670868,1704.73335,367.260034,798.356039,919.0689,209.916955,819.483287,1702.880549,593.188173,792.659797,541.325379,921.727991,1227.153042,1259.625955,1141.76243,765.213934,789.97536,670.723367,536.90505,676.907394,1156.556448,628.163109,746.530949,1213.241001,552.647733,587.810976,695.694463,1586.279023,1003.52708,839.728192,385.001372,626.761265,541.504293,665.505941
13131,1254.014833,162.07371,1767.734935,1709.123294,1175.691528,288.918165,1268.169389,1343.900994,887.397203,1564.84119,216.454289,1557.352278,1122.735561,161.520282,577.463278,1411.469756,520.08909,20.945705,1117.489351,75.461332,1038.668844,1918.077509,1376.821237,926.913067,1148.914288,1011.119745,1324.129076,705.523722,0.0,1047.600319,63.754926,1150.924725,445.3581,1428.209786,161.72527,1364.726068,545.287456,486.07593,60.258805,1469.298353,1006.363525,54.456736,1504.769984,753.786758,52.308674,929.903455,1144.594107,1435.001715,1906.585191,233.971613,2180.559843,1204.774089,1374.691879,1182.790456,1802.907899,298.513727,101.190863,1086.785291,953.154588,372.71135,1616.029105,881.02498,1144.783584,1294.123392,1081.329593,1437.145625,958.685828,234.767857,2395.534014,476.56521,180.834675,401.709406,915.440676,1525.007008,2393.681212,730.883055,322.169594,164.198343,864.341939,1169.76699,1202.239903,1084.376378,1470.737655,223.609133,1076.933384,281.902175,99.473162,1099.170396,89.460984,41.007228,1881.163443,464.564752,392.656455,51.947602,2277.079687,946.141028,1082.299792,320.52235,148.887145,484.118241,1071.715957
18359,1525.241814,885.526609,1415.816709,2108.585943,1446.91851,784.182877,1667.632038,1021.951273,1286.859852,1964.303839,1137.12322,1956.814927,91.610952,902.050693,1047.016612,643.559114,919.551739,1026.654615,1516.952,993.432816,557.869373,2317.540159,1776.283886,217.878341,1483.816227,1410.582394,843.329605,1104.986371,1047.600319,0.0,1023.157138,1422.151706,844.820749,1291.999462,1029.58345,883.926598,944.750105,564.988116,1071.747117,1868.761002,1405.826174,993.143584,1061.079401,1153.249407,1087.697579,1344.480188,1415.821089,1496.494256,2306.047841,817.092433,2580.022492,1128.807172,893.892408,1582.253105,2202.370548,794.660037,1044.36419,1272.85713,1352.617237,718.780632,2015.491754,395.11609,1508.838523,1693.586041,1352.556574,1204.665761,804.825625,828.803117,2794.996663,737.726337,902.901056,657.30984,1314.903325,1924.469657,2793.143861,1130.345704,1347.763955,973.614843,292.691779,534.484545,721.440432,235.292545,1870.200304,1249.203494,1476.396033,1002.553812,1085.296621,618.370925,1010.129915,1016.387636,2280.626093,1358.320399,1313.325386,1037.77106,2676.542336,178.230385,1251.281469,922.158903,1069.556076,563.482078,1471.178607
13009,1190.259907,137.630529,1703.98001,1645.368368,1111.936603,284.701968,1204.414464,1280.146068,823.642277,1501.086264,152.699363,1493.597353,1114.768089,137.077101,513.708352,1387.026576,456.334165,42.809222,1053.734426,30.302787,1014.225664,1854.322584,1313.066312,902.469886,1085.159362,947.36482,1299.685895,641.768796,63.754926,1023.157138,0.0,1087.169799,381.603175,1364.454861,97.970344,1340.282888,481.53253,461.632749,87.901725,1405.543428,942.6086,30.013555,1441.015058,690.031833,116.063599,866.148529,1080.839182,1371.246789,1842.830266,209.528432,2116.804917,1141.019164,1350.248698,1119.035531,1739.152973,362.268653,59.940334,1023.030366,889.399663,368.495153,1552.274179,856.581799,1081.028659,1230.368466,1017.574667,1373.3907,894.930902,210.324677,2331.779088,441.19999,244.589601,411.575004,851.68575,1461.252082,2329.926287,667.128129,363.918563,100.443418,839.898758,1145.323809,1177.796722,1059.933197,1406.98273,265.358101,1013.178458,218.147249,101.451228,1074.727215,25.706058,104.762153,1817.408518,400.809827,328.901529,53.925668,2213.324761,921.697847,1018.544867,256.767424,85.132219,459.67506,1007.961032
11212,103.090109,1079.320776,820.523399,706.317211,37.428038,1264.177962,1071.049482,432.471439,344.073199,562.035107,1073.028362,554.546195,1427.052747,1116.553096,746.399033,1195.595472,690.489719,1149.482935,675.092456,1097.664755,864.282333,915.271427,374.015155,1204.273366,61.664521,199.459064,578.822102,804.368792,1170.428639,1422.151706,1106.673713,0.0,745.928545,480.99825,1062.198903,570.496115,625.141184,1189.71254,1164.720129,675.361519,265.837847,1118.669351,593.340429,456.792051,1222.737312,894.516701,32.554742,487.790178,903.779109,1077.451571,1177.75376,293.344535,682.874707,179.984373,1008.971065,1347.853459,1123.619153,387.046762,706.705721,1270.151406,613.223022,1027.035617,86.686818,730.179821,69.595132,504.191809,791.183247,1139.575785,1392.727931,832.164951,1263.260956,1383.973817,864.939837,1066.287097,1390.875129,439.545585,1287.439776,1006.230296,1129.459927,909.852546,732.982281,1321.373901,553.565558,1252.632662,194.124871,1013.460018,1139.564696,803.780781,1093.068026,1211.435866,878.357361,1057.702819,1092.866063,1160.59938,1274.273604,1243.921322,170.870238,849.906289,1089.418567,1006.409211,138.862851
11677,829.184032,354.250238,1342.904134,1263.765194,750.860727,539.107424,822.811289,919.070193,489.453103,1119.48309,397.703036,1111.994179,936.431701,391.482558,202.195863,1208.690187,74.73099,424.412396,672.131252,372.594216,835.889275,1472.71941,931.463138,724.133497,703.556188,565.761646,1065.420856,260.165622,445.3581,844.820749,381.603175,726.093924,0.0,1003.378985,337.128365,1057.094869,147.426953,464.642001,443.332739,1023.940253,580.900982,393.598812,1079.939183,308.428659,497.666774,499.65944,719.763306,1010.170914,1461.227092,352.381032,1735.201743,779.943288,1067.805915,737.432356,1357.549799,622.78292,402.231763,688.841192,507.796488,545.080867,1170.671005,678.24541,739.013337,848.765292,656.498792,1012.314824,560.825325,414.505246,1950.175914,107.094413,538.190417,658.903279,470.082576,1079.648908,1948.323112,333.022552,612.114449,281.159758,661.56237,966.98742,999.460333,881.596809,1025.379555,577.307335,631.575284,288.389479,447.472099,896.390827,367.997488,486.365328,1435.805344,513.49965,548.662893,435.528842,1831.721587,743.361459,657.468991,124.835751,397.32597,281.338672,626.357858
12780,554.949593,1342.79618,385.660254,1158.176695,453.316806,1527.653366,1522.908966,391.789052,735.700246,1013.894592,1336.503766,1006.40568,1296.900504,1380.0285,1164.102215,1065.443228,1036.637342,1412.958339,1126.951941,1361.140159,734.13009,1367.130911,825.874639,1074.121122,513.524006,651.318548,646.372723,1222.071974,1433.904043,1291.999462,1370.149117,480.99825,1009.403949,0.0,1325.674307,408.072865,888.616588,1290.186731,1428.195534,1127.221004,717.697331,1382.144755,230.920062,908.651535,1486.212716,1346.376185,448.443509,268.634935,1355.638593,1340.926975,1629.613245,379.948644,769.478816,631.843858,1460.83055,1538.249591,1387.094557,632.875745,1158.565206,1443.979246,1065.082507,896.883373,538.546302,1182.039306,447.1851,285.036566,1054.658652,1403.051189,1844.587416,1095.640355,1526.73636,1529.414028,1316.799322,1518.146581,1842.734614,703.020989,1550.91518,1269.7057,999.307683,779.700302,570.559031,1191.221657,1005.425042,1516.108066,645.984355,1276.935422,1403.0401,673.628538,1356.54343,1474.91127,1330.216845,1475.406001,1510.569245,1424.074785,1726.133088,1113.769078,345.909995,1113.381694,1352.893971,1269.884615,590.722336
