,85138,8969,2619,5754,2495,87090,5148,7986,2013,9424,7057,3127,80506,4341,8635,8914,8478,6472,8357,9527,6711,8650,82707,8587,5821,2841,8717,9408,7421,8299,7243,3595,8304,9692,8661,6146,9512,8059,8913,2780,9003,81728,8637,82795,7412,3997,2145,8477,6661,3289,3989,9460,3990,9223,9217,6464,4686,82702,2313,86898,6349,9781,87108,6587,87105,4873,7785,8142,3275,7259,1648,3632,4660,7150,5434,5456,86901,8366,9423,8270,2304,4722,6655,83056,5563,3295,6792,9829,86208,2006,7229,7863,3391,8305,83089,3011,2237,5210,8657,2081,4603
85138,0.0,899.916682,2007.687894,437.439651,1561.437941,1420.255986,1126.197658,614.845092,1691.810321,986.920651,271.295719,1420.466959,934.799359,1297.859278,486.211923,408.151617,746.136322,363.931223,1111.815672,495.330937,703.687945,1081.484926,539.078906,382.025942,398.03719,1381.383999,334.056879,504.271653,200.899205,601.701749,309.769318,1188.54785,764.832384,374.687207,285.437625,539.935892,786.757658,742.953819,534.376003,1626.726082,296.082999,407.284452,430.170508,136.403153,341.581981,1202.427754,1996.126679,218.43274,163.228537,1443.959293,1837.456078,1000.456589,1813.213349,1007.365298,978.715447,1142.893303,728.8837,522.711405,2034.503458,1342.478683,1261.564345,1317.974397,1465.91826,1528.277642,1448.021293,985.190158,383.482634,726.230147,1223.626565,1258.383704,2062.590226,1780.169211,1104.974554,1415.122649,916.966501,1361.727732,1347.92766,190.896088,996.89465,1260.417964,1612.545699,1127.033855,246.363766,1385.842946,655.69186,1508.341657,306.2308,424.187722,1906.585662,1715.611506,472.02589,1056.817147,1197.932942,701.538119,1040.805462,1823.265302,1803.763883,783.814493,187.927762,1969.730663,1027.697615
8969,899.916682,0.0,1838.256101,1077.54846,2263.234295,1328.935533,945.367476,401.757007,2475.845238,126.389181,1072.61207,1655.735651,1406.225266,1130.970613,1247.687423,1169.433147,209.343129,709.848515,520.500731,1180.796239,1505.004296,490.169985,565.881627,583.346599,1093.977073,1773.250405,1095.532379,544.511518,1100.815887,360.616694,1160.266195,1724.816238,291.035963,856.406026,690.199619,700.62084,335.947462,272.943676,1295.657533,1801.670573,769.64346,796.985837,1191.646008,1005.230497,1241.498663,2003.744105,1965.308871,1101.495843,927.956205,1546.666093,1635.562806,200.642709,1611.320076,146.833828,118.183977,772.787221,1209.603619,410.871216,1867.614792,2126.5136,828.666144,564.771979,1299.029595,946.116575,1281.132628,1786.506509,1283.399316,252.433726,1759.894953,676.222637,2288.721106,1608.184633,1219.504205,823.807708,1718.282852,1092.248576,2149.244011,1078.921779,136.363179,669.103023,2131.083866,1000.516882,810.503887,2187.159297,856.320115,1578.514838,1107.547151,879.278604,1737.15387,2438.968391,1371.942572,465.502206,1589.799348,227.741698,1842.121813,1653.833509,2025.570507,867.126718,761.9491,2029.958479,1829.013966
2619,2007.687894,1838.256101,0.0,1792.058743,1619.536951,765.639399,950.928175,1657.740402,1703.287897,1883.252729,2100.420544,938.570279,1348.426484,744.737033,2482.008825,2403.948519,1672.601467,1712.756435,1648.537699,2491.127839,2440.652558,1743.040802,2062.769395,1924.89273,1831.461204,1234.592321,2329.853781,2041.399286,2154.800036,1725.222311,2188.074669,1554.537265,1646.645539,2265.648334,2031.74575,1764.540126,1981.927204,1631.810153,2530.172905,733.778221,2118.916247,2293.873605,2425.96741,2127.822022,2349.269874,2232.715779,556.433102,2214.229642,1954.573398,858.702104,443.82645,1959.103905,456.953154,1833.808785,1820.154172,1250.791981,1508.266517,1889.160133,292.770445,1766.286649,1232.486909,2021.255976,697.227412,1420.447348,681.696818,2285.430322,2391.170527,1604.743661,1481.109806,1426.490158,959.310212,438.976845,1290.970189,1579.137837,2383.091566,1097.226971,1807.60183,2186.69299,1878.270479,1634.786048,1274.453573,955.899477,1788.308432,2053.211298,1411.448022,815.936469,2086.28831,2315.148848,202.716348,1592.608324,2358.877827,1649.073398,1152.059513,1628.003264,2264.853612,184.422592,728.135651,1259.325796,2103.495231,621.082709,2327.937778
5754,437.439651,1077.54846,1792.058743,0.0,1349.565737,1161.67634,910.568508,797.613617,1479.938117,1152.678156,385.045535,1032.411778,546.744178,1082.230128,845.29678,828.976849,911.893826,369.750864,1277.573176,916.15617,746.82525,1247.24243,888.503215,668.57259,39.402461,993.328818,748.600622,790.818301,455.142191,865.095526,472.69966,823.994634,930.589888,766.468627,677.219045,593.153166,1073.304306,840.622859,936.123527,1238.670901,687.864419,799.065872,831.285453,557.573779,635.489394,990.555551,1608.071498,639.257973,274.211114,1055.904112,1621.826928,1228.529332,1597.584199,1173.122802,1144.472952,1102.11343,340.82852,809.258053,1724.456898,1130.606479,1220.738197,1483.731901,1245.235767,1520.939234,1232.392143,773.317954,735.810767,891.987651,859.073349,1356.052744,1674.535045,1564.540061,733.465239,1580.880153,743.143086,1146.098582,1136.055456,611.72132,1162.652154,1426.175468,1247.992483,911.404705,322.422754,1173.970742,380.610722,1135.704953,349.368104,815.969142,1690.956512,1503.739303,665.050519,1221.772808,809.877761,867.295623,828.933258,1607.636152,1415.708702,568.185343,579.709182,1581.675483,815.825411
2495,1561.437941,2263.234295,1619.536951,1349.565737,0.0,1286.911975,1736.312648,1993.291113,284.709717,2338.36399,1428.027328,928.780014,1050.460892,1457.292652,1692.529842,1768.735393,2097.57966,1565.42836,2359.415176,1855.914713,1324.688691,2329.08443,2091.447299,1905.082825,1355.144273,625.744544,1685.759195,2027.328535,1536.617074,2060.773022,1461.98499,564.835201,2100.219287,1927.055601,1837.806018,1757.263736,2309.81454,2036.300356,1783.356589,1063.906046,1848.451393,1959.652845,1755.29433,1665.537213,1503.556389,762.239876,1099.608293,1698.577799,1516.466655,1070.917851,1867.972114,2414.215167,1843.729384,2358.808637,2330.158786,2051.528848,1072.080943,2045.768288,1326.766507,401.980227,2137.089109,2565.573901,1370.471402,2390.127276,1360.915027,1045.813425,1467.456903,2029.721854,503.339342,2322.18055,971.623975,1797.448449,1169.093203,2494.848931,1169.762432,2001.829172,443.295408,1671.041146,2348.337988,2508.017468,345.083379,1544.852863,1574.714006,513.895859,1406.91418,1150.718693,1364.515347,1976.556115,1651.615628,248.322413,1465.684281,2250.440248,824.840585,2052.981458,884.061963,1723.183002,927.330376,1470.574915,1740.296155,1073.212277,960.568473
87090,1420.255986,1328.935533,765.639399,1161.67634,1286.911975,0.0,519.878436,1148.419833,1492.517199,1373.93216,1512.988637,482.61178,661.007788,197.96492,1894.576918,1816.516611,1163.280898,1125.324528,1264.050979,1903.695932,1752.647284,1233.720234,1553.448827,1413.029035,1201.078801,705.849414,1742.421874,1532.078717,1567.368129,1215.901742,1600.642762,866.53199,1137.324971,1749.284963,1519.882054,1198.13377,1472.606636,1122.489584,1942.740998,530.96595,1607.052552,1781.882208,1838.535503,1540.390115,1739.683983,1544.710505,748.844539,1626.797735,1367.141491,294.193784,608.644382,1449.783337,584.401652,1324.488217,1310.833604,835.094637,820.847821,1379.839564,743.63049,1226.980542,877.761377,1511.935407,111.14367,1130.799544,101.587295,1597.425047,1803.73862,1095.423092,874.078349,1071.764626,1115.597234,538.120717,603.551493,1235.521199,1695.086291,742.50144,1268.295722,1599.261083,1368.949911,1280.060517,1063.682874,444.035782,1200.876525,1513.905191,814.563475,249.579306,1498.856403,1798.785478,664.537168,1385.441959,1670.872553,1154.063399,485.779391,1118.682696,1576.848337,581.216807,803.505496,636.441494,1562.525517,769.89791,1639.932504
5148,1126.197658,945.367476,950.928175,910.568508,1736.312648,519.878436,0.0,764.851776,1941.917872,990.364103,1218.930309,974.905973,925.578205,321.913517,1600.51859,1522.458283,779.712841,831.2662,880.482922,1609.637604,1602.25522,850.152177,1169.88077,1029.460978,949.970969,1155.250087,1448.363546,1148.51066,1273.309801,832.333685,1306.584434,1307.615947,753.756914,1370.216581,1136.313997,869.108374,1089.038579,738.921527,1648.68267,1041.867382,1223.484495,1400.984979,1544.477175,1246.331786,1467.779639,1878.150211,1134.708795,1332.739407,1073.083163,786.487978,760.606612,1066.21528,736.363882,940.92016,927.265547,451.52658,883.241291,996.271507,1037.014716,1676.381214,536.669348,1128.36735,469.029449,789.707515,451.132482,1660.912614,1509.680292,711.855035,1323.479022,722.178282,1605.895166,720.856707,738.857144,894.42917,1630.737746,401.409411,1717.696395,1305.202755,985.381854,930.474172,1513.083547,191.459786,906.818197,1963.305864,529.957787,760.480738,1204.798075,1419.717096,849.825944,1845.58777,1520.480489,770.495342,935.180064,735.114639,1716.527918,766.505583,1295.799689,454.824617,1208.063478,1199.358403,1703.420071
7986,614.845092,401.757007,1657.740402,797.613617,1993.291113,1148.419833,764.851776,0.0,2205.902057,476.886702,792.677227,1475.219952,1145.576095,950.454913,962.615833,884.555526,236.102372,429.913671,601.781722,963.420826,1225.069453,571.450977,405.028994,298.275009,814.042229,1592.160736,810.460789,383.658885,815.744297,67.481909,880.331352,1454.873056,254.798435,639.030613,405.128029,420.685997,324.186803,164.831406,1010.779912,1621.154873,492.298526,636.133204,906.574418,720.158907,956.427073,1723.809262,1784.793172,816.424253,648.021362,1366.150393,1467.418838,537.885734,1443.176108,497.331349,468.681498,657.795368,939.660437,231.419731,1687.099093,1856.570419,829.523355,807.940448,1118.513895,950.155229,1100.616928,1506.571666,998.327726,216.196198,1489.951771,680.26129,2108.205406,1427.668934,1038.988505,905.0887,1438.348009,967.682742,1869.309168,793.850189,486.8607,750.384014,1878.870905,820.001182,530.569044,1907.224454,675.804415,1397.999139,827.612308,688.531127,1556.63817,2169.02521,1086.870982,545.981355,1408.709679,191.50417,1562.18697,1473.31781,1845.054807,686.611018,476.87751,1849.442779,1549.079122
2013,1691.810321,2475.845238,1703.287897,1479.938117,284.709717,1492.517199,1941.917872,2205.902057,0.0,2550.974934,1558.399708,1034.500133,1263.071836,1662.897876,1801.75506,1877.960611,2310.190604,1778.039304,2572.026119,1965.139931,1433.913909,2541.695374,2221.819679,2035.455205,1485.516653,786.667785,1794.984413,2157.700915,1666.989454,2236.864447,1592.35737,751.029001,2312.83023,2057.427981,1968.178398,1969.87468,2440.18692,2248.911299,1892.581807,1147.656992,1978.823773,2090.025225,1864.519548,1795.909593,1612.781607,829.271192,1183.359239,1807.803017,1646.839035,1211.040567,2042.49243,2626.82611,2018.2497,2571.419581,2542.76973,2257.134072,1284.691887,2176.140668,1410.517453,532.352607,2342.694333,2778.184845,1576.076625,2595.732499,1566.52025,1075.689221,1576.682121,2242.332798,726.013374,2527.785774,939.016156,1971.968765,1381.704147,2700.454154,1240.517669,2207.434396,573.667788,1780.266364,2560.948932,2720.628411,428.834325,1750.458086,1759.611018,644.268239,1619.525124,1290.841408,1494.887727,2106.928495,1735.366574,170.442852,1596.056661,2463.051192,1030.445809,2265.592402,968.948577,1806.933948,1011.081322,1683.185859,1870.668535,1156.963223,969.991574
9424,986.920651,126.389181,1883.252729,1152.678156,2338.36399,1373.93216,990.364103,476.886702,2550.974934,0.0,1147.741766,1730.865347,1481.354962,1175.96724,1334.691392,1256.631085,284.472824,784.97821,559.095815,1280.876228,1580.133992,471.652611,622.060482,670.350568,1169.106768,1848.380101,1182.536348,634.040254,1187.819856,435.746389,1235.395891,1799.945933,366.165658,956.486015,777.203588,775.750536,289.994559,348.073372,1382.855472,1876.800268,864.374085,853.164691,1278.649977,1092.234466,1328.502632,2078.873801,2010.305499,1188.499813,1003.0859,1621.795788,1674.15789,96.1908,1649.915161,91.748408,63.098557,811.382306,1284.733314,510.951205,1912.61142,2201.643296,867.261228,497.355671,1344.026223,984.71166,1326.129255,1861.636205,1370.403285,327.563421,1835.024648,714.817721,2363.850801,1653.181261,1294.6339,862.402792,1793.412548,1130.843661,2224.373706,1165.925748,26.684637,707.698107,2206.213561,1045.51351,885.633583,2262.288992,931.44981,1623.511466,1182.676847,935.457458,1782.150498,2514.098087,1458.946541,504.097291,1664.929043,302.871393,1917.251509,1698.830137,2100.700202,942.256413,848.953069,2074.955107,1904.143661
7057,271.295719,1072.61207,2100.420544,385.045535,1428.027328,1512.988637,1218.930309,792.677227,1558.399708,1147.741766,0.0,1391.695379,931.789712,1390.591929,513.947708,500.227749,906.957436,456.663873,1272.636786,587.407069,460.969127,1242.306041,801.305078,614.940603,345.643075,1290.121189,417.251551,737.186313,138.582993,816.349846,87.654125,1072.757382,925.653499,636.913379,547.663796,632.668543,1019.672319,835.68647,604.774455,1597.7032,558.309171,669.510624,499.936381,375.394992,250.848403,1069.017142,1967.103797,430.590634,229.550139,1440.949646,1930.188729,1223.592942,1905.945999,1168.186413,1139.536562,1235.625953,725.874054,755.626066,2109.502433,1209.06807,1354.296995,1478.795512,1558.650911,1621.010293,1540.753944,833.990985,360.65424,887.051262,1107.836097,1351.116354,2006.211399,1872.901862,1118.510774,1575.943763,743.07623,1454.460382,1214.517047,403.053981,1157.715764,1421.239078,1496.755231,1219.766506,339.096417,1252.432333,748.42451,1520.750488,131.154749,686.413894,1999.318313,1582.200894,319.454871,1216.836418,1194.923296,862.359234,907.394849,1915.997952,1774.741001,876.547144,450.153933,1940.707781,894.287002
3127,1420.466959,1655.735651,938.570279,1032.411778,928.780014,482.61178,974.905973,1475.219952,1034.500133,1730.865347,1391.695379,0.0,531.743226,652.992457,1793.747542,1816.727584,1490.081017,1203.380943,1719.078516,1903.906905,1511.127062,1688.74777,1804.739448,1584.808823,1071.814238,347.717453,1742.632846,1707.054534,1487.553969,1542.701861,1425.65304,625.011769,1492.720643,1749.495935,1609.84412,1350.30121,1799.406754,1449.289703,1884.574288,219.904868,1670.891728,1782.09318,1838.746475,1540.601087,1498.163761,1303.190283,589.305465,1627.008708,1306.622892,199.32399,1030.775853,1806.716523,1006.533124,1751.309993,1722.660143,1290.122173,691.583259,1706.639683,748.420963,879.41178,1332.788914,1958.075258,566.171206,1585.82708,556.614831,1355.904826,1597.76425,1422.223211,551.58431,1526.792163,655.769011,960.252189,551.539406,1690.548735,1453.56607,1197.528976,920.726961,1599.472055,1740.839345,1735.088053,605.665809,801.489211,1241.080742,1166.336429,930.888136,279.124832,1328.183397,1798.99645,871.913884,925.613736,1429.352332,1609.090936,222.534018,1445.482814,1335.328116,860.19689,396.942668,788.608934,1562.73649,562.909449,1398.412283
80506,934.799359,1406.225266,1348.426484,546.744178,1050.460892,661.007788,925.578205,1145.576095,1263.071836,1481.354962,931.789712,531.743226,0.0,780.752005,1392.040957,1331.059983,1240.570632,717.713343,1502.406147,1418.239304,1293.569427,1472.075401,1319.071847,1099.141223,586.146638,492.660266,1256.965246,1221.386934,1001.886368,1213.058004,1019.443837,512.042835,1243.210258,1263.828335,1124.176519,909.548718,1469.762898,1188.585338,1457.28437,738.002349,1185.224127,1296.42558,1353.078875,1054.933487,1182.233571,1168.521593,1107.402946,1141.341107,820.955291,555.235559,1191.431466,1557.206138,1167.188737,1501.799608,1473.149758,1174.844614,205.915659,1239.826686,1223.788346,913.740198,1293.46938,1708.564873,744.567214,1593.670417,735.010839,1221.236135,1282.554944,1172.712826,547.12155,1445.496316,1173.866493,1120.907802,186.721062,1655.276486,1266.913415,1218.829765,955.055379,1113.804455,1491.32896,1651.008439,850.493726,815.101665,755.413141,1184.119857,559.199163,635.036401,896.112282,1313.32885,1247.324253,1182.997949,1211.794696,1393.431219,309.209208,1195.972429,1200.659425,1164.003892,915.040149,539.098549,1077.06889,1081.00693,1263.743592
4341,1297.859278,1130.970613,744.737033,1082.230128,1457.292652,197.96492,321.913517,950.454913,1662.897876,1175.96724,1390.591929,652.992457,780.752005,0.0,1772.18021,1694.119903,965.315978,1002.92782,1066.086059,1781.299224,1773.91684,1035.755314,1355.483907,1215.064115,1121.632589,876.230091,1620.025166,1334.113797,1444.971421,1017.936822,1478.246054,1033.346217,939.360051,1555.819719,1321.917134,1054.711511,1274.641716,924.524664,1820.34429,728.93087,1409.087632,1586.588116,1716.138795,1417.993406,1639.441259,1711.524732,869.246677,1504.401027,1244.744783,464.574462,587.742016,1251.818417,563.499286,1126.523297,1112.868684,637.129717,940.592039,1181.874644,771.552597,1397.361219,679.796457,1313.970487,202.9674,932.834624,185.070433,1764.239275,1681.341912,897.458172,1044.459027,873.799706,1285.977911,517.218351,723.29571,1037.556279,1802.399366,544.53652,1438.6764,1476.864375,1170.984991,1082.095597,1234.063551,246.070862,1078.479817,1684.285868,701.619407,447.544226,1376.459695,1605.320233,643.634802,1555.822636,1692.142109,956.098479,656.160068,920.717776,1743.662565,560.314441,973.886173,549.49718,1393.666615,933.896284,1806.746731
8635,486.211923,1247.687423,2482.008825,845.29678,1707.985935,1894.576918,1600.51859,962.615833,1821.206903,1334.691392,513.947708,1793.929624,1392.040957,1772.18021,0.0,172.407176,1093.907062,838.252154,1459.586412,291.119338,658.454567,1429.255667,817.720815,729.796683,805.89432,1692.355435,152.155045,811.505911,423.811565,949.47249,457.892475,1474.991628,1112.603125,557.396726,594.821155,1014.256824,1134.528398,1094.510838,157.121279,1999.937446,584.994851,685.926362,65.648477,495.946021,295.765864,1297.105452,2369.338043,291.043254,637.549469,1900.42954,2311.77701,1348.227329,2287.53428,1355.136039,1326.486188,1617.214235,1186.125299,870.482146,2508.824389,1391.592786,1735.885277,1665.745138,1940.239192,1885.202257,1922.342225,1096.258141,277.609678,1074.000888,1510.070343,1615.308318,2408.445645,2254.490143,1578.762018,1762.893389,1005.748652,1836.048663,1373.643357,295.315836,1344.66539,1608.188704,1863.174523,1601.354787,720.684698,1411.558643,1130.012792,1980.230381,591.405994,624.891389,2380.906594,1777.32307,426.209772,1404.587888,1654.352274,1049.30886,1151.873445,2297.586233,2176.975246,1258.135425,485.738324,2342.942027,1138.765597
8914,408.151617,1169.433147,2403.948519,828.976849,1772.859,1816.516611,1522.458283,884.555526,1886.079969,1256.631085,500.521057,1816.727584,1331.059983,1694.119903,172.407176,0.0,1015.846755,760.191848,1381.526105,190.818762,723.327632,1351.19536,697.24727,651.736376,789.574388,1741.176982,121.938778,691.032366,410.384913,871.412183,444.465824,1523.813174,1034.542818,436.923181,516.760848,936.196517,1056.274122,1016.450531,126.224387,2022.986707,464.521306,565.452817,171.750713,419.696021,402.67029,1361.978517,2392.387304,212.982947,559.489162,1840.219917,2233.716703,1269.973053,2209.473974,1277.075732,1248.425881,1539.153928,1125.144325,792.421839,2430.764083,1456.465851,1657.82497,1587.684831,1862.178885,1807.14195,1844.281918,1161.131206,440.177908,995.940581,1558.891889,1537.248012,2457.267192,2176.429836,1501.235179,1684.833083,1070.621718,1757.988357,1438.516422,217.255529,1266.605083,1530.128398,1928.047588,1523.29448,642.624391,1476.431708,1051.952485,1904.602282,577.979342,504.417844,2302.846287,1842.196135,530.181871,1326.527581,1594.193567,971.248553,1216.74651,2219.525927,2200.024507,1180.075118,407.678017,2365.991288,1203.638662
8478,746.136322,209.343129,1672.601467,911.893826,2097.57966,1163.280898,779.712841,236.102372,2310.190604,284.472824,906.957436,1490.081017,1240.570632,965.315978,1093.907062,1015.846755,0.0,544.193881,472.364616,1094.712055,1339.349662,442.033871,531.903104,429.566238,928.322438,1607.595771,941.752018,510.532995,947.035526,194.96206,994.611561,1559.161603,125.381329,770.321842,536.419258,534.966206,433.843665,107.289042,1142.071142,1636.015938,623.589755,763.007314,1037.865647,851.450137,1087.718302,1838.089471,1799.654237,947.715483,762.301571,1381.011459,1482.279903,360.324001,1458.037174,304.917471,276.26762,672.656433,1043.948984,358.293842,1701.960158,1960.858966,780.530029,669.196908,1133.37496,897.980461,1115.477993,1620.851875,1129.618955,86.779092,1594.240318,628.086522,2123.066471,1442.529999,1053.849571,775.671593,1552.628218,982.543807,1983.589377,925.141418,294.446823,620.966908,1965.429231,834.862248,644.849253,2021.504663,690.665481,1412.860204,941.892517,819.822357,1571.499236,2273.313757,1218.162211,417.366092,1424.144714,62.087064,1676.467179,1488.178875,1859.915872,701.472084,608.168739,1864.303845,1663.359331
6472,363.931223,709.848515,1712.756435,369.750864,1565.42836,1125.324528,831.2662,429.913671,1778.039304,784.97821,456.663873,1203.380943,717.713343,1002.92782,838.252154,760.191848,544.193881,0.0,909.873231,847.371168,889.056099,879.542485,603.409423,383.478799,386.179477,1164.297983,686.09711,505.72451,511.043365,497.39558,544.317998,1027.010303,562.889943,692.960199,490.331819,225.453221,754.100474,472.922914,886.416234,1409.640066,577.502316,725.557444,782.210739,484.065351,705.513203,1321.891865,1717.289523,570.472971,312.008008,1168.42241,1542.52462,860.829387,1518.28189,805.422857,776.773006,872.862398,511.797684,524.164262,1739.571999,1428.707666,991.53344,1116.031956,1170.986802,1258.246737,1153.089835,1104.654268,747.413856,524.287706,1062.089018,988.352799,1845.50421,1485.237753,822.707021,1213.180208,1064.898722,1066.796273,1467.39177,542.936319,794.952209,1058.475523,1451.008153,832.102397,117.567457,1505.307056,373.424327,1213.410198,491.598954,742.460714,1611.654204,1741.162457,776.118744,854.072863,980.846926,499.595678,1160.269573,1528.333843,1586.677867,488.883035,506.200754,1735.641243,1147.161725
8357,1111.815672,520.500731,1648.537699,1277.573176,2359.415176,1264.050979,880.482922,601.781722,2572.026119,559.095815,1272.636786,1719.078516,1502.406147,1066.086059,1459.586412,1381.526105,472.364616,909.873231,0.0,1460.391405,1705.029012,140.414016,897.582454,795.245588,1294.001788,1869.431286,1307.431368,876.212345,1312.714876,560.64141,1360.290911,1820.997119,346.983288,1136.001192,902.098608,900.645556,785.248703,472.968392,1507.750492,1795.016929,989.269105,1128.686664,1403.544997,1217.129487,1453.397652,2203.768821,1900.280913,1313.394833,1127.980921,1530.66052,1222.947453,634.946991,1198.704723,509.651871,495.997258,499.154697,1305.7845,723.973192,1802.586834,2222.694481,416.050791,442.362475,1234.145041,519.278072,1216.248074,1986.531225,1495.298305,417.48072,1856.075834,263.607284,2352.06397,1280.950117,1315.685086,360.587583,1918.307568,679.633223,2264.009662,1290.820768,554.113565,205.882898,2227.264746,935.632329,1010.528603,2387.184013,952.500996,1513.630285,1307.571867,1185.501707,1547.435468,2535.149272,1583.841561,128.044524,1679.352607,410.277553,2042.146529,1464.115107,2039.972232,963.307599,973.848089,1964.930521,2029.038681
9527,495.330937,1180.796239,2491.127839,916.15617,1860.038321,1903.695932,1609.637604,963.420826,1973.259289,1280.876228,587.700377,1903.906905,1418.239304,1781.299224,291.119338,190.818762,1094.712055,847.371168,1460.391405,0.0,810.506953,1430.060659,693.101146,730.601676,876.753709,1828.356302,216.457213,702.395458,497.564234,950.277483,531.645144,1610.992495,1113.408117,355.837418,558.292798,1023.375838,1067.637214,1095.315831,133.99806,2110.166028,500.290216,532.916823,296.970406,506.875342,489.849611,1449.157838,2479.566625,300.162268,646.668483,1927.399238,2320.896024,1281.336145,2296.653294,1301.320874,1272.671023,1621.216193,1212.323646,871.287139,2517.943403,1543.645172,1745.00429,1558.169631,1949.358206,1886.00725,1931.461239,1248.310526,502.434484,1074.80588,1646.07121,1616.113311,2544.446512,2263.609157,1588.4145,1763.698382,1157.801038,1845.167677,1525.695743,304.43485,1290.850226,1608.993697,2015.226909,1610.473801,729.803712,1563.611029,1139.131805,1991.781603,665.158663,423.332081,2390.025608,1929.375456,617.361192,1405.392881,1681.372887,1050.113853,1303.925831,2306.705247,2287.203828,1267.254439,494.857338,2453.170609,1290.817983
6711,703.687945,1505.004296,2440.652558,746.82525,1352.01972,1752.647284,1602.25522,1225.069453,1465.240689,1580.133992,460.969127,1511.127062,1293.569427,1773.91684,647.775472,723.981023,1339.349662,889.056099,1705.029012,811.160344,0.0,1674.698266,1181.369099,1047.332829,707.422789,1409.552873,641.004825,1169.578539,597.640296,1248.742072,494.926789,1110.249738,1358.045725,980.844358,939.300786,1065.060768,1452.064545,1268.078696,738.602219,1717.134884,938.373193,1049.574646,710.53996,755.975303,391.771585,738.394375,2086.535481,653.823429,661.942365,1617.626978,2313.51364,1655.985168,2289.27091,1600.578639,1571.928788,1668.018179,1087.653769,1188.018292,2250.503242,1035.626571,1786.689221,1911.187738,1836.20671,2053.402519,1826.650336,479.108372,422.702534,1319.443488,1179.097712,1783.50858,2112.056763,2256.226773,1480.290488,2008.335989,387.873791,1837.785293,1017.677143,626.286777,1590.10799,1853.631304,1485.516166,1603.091417,771.488643,1041.596602,1127.435971,1697.427819,397.457146,1048.339021,2373.996163,1421.356856,322.151366,1649.228644,1371.549712,1294.75146,576.772083,2299.322863,1894.172684,1259.872055,830.217955,2060.139465,563.664236
8650,1081.484926,490.169985,1743.040802,1247.24243,2329.08443,1233.720234,850.152177,571.450977,2541.695374,471.652611,1242.306041,1688.74777,1472.075401,1035.755314,1429.255667,1351.19536,442.033871,879.542485,140.414016,1430.060659,1674.698266,0.0,867.251709,764.914843,1263.671043,1839.100541,1277.100622,845.881599,1282.38413,530.310664,1329.960166,1790.666373,316.652542,1105.670446,871.767862,870.31481,697.805499,442.637647,1477.419746,1764.686183,958.93836,1098.355918,1373.214251,1186.798741,1423.066907,2173.438076,1870.093572,1283.064087,1097.650175,1500.329775,1363.361469,547.503787,1339.118739,422.208667,408.554054,517.864028,1275.453754,693.642446,1772.399493,2192.363736,556.464807,345.949439,1203.814296,659.692088,1185.917329,1956.200479,1464.96756,387.149975,1825.745088,404.0213,2321.733225,1421.364133,1285.35434,501.001599,1887.976823,820.047239,2233.678916,1260.490022,466.670361,346.296914,2196.934001,905.301583,980.197857,2356.853267,922.17025,1483.299539,1277.241121,1155.170961,1641.938571,2504.818527,1553.510816,159.777425,1649.021861,379.946807,2011.815783,1558.61821,2009.641486,932.976853,943.517343,1934.74318,1998.707936
82707,539.078906,565.881627,2062.769395,888.503215,2091.447299,1553.448827,1169.88077,405.028994,2221.819679,622.060482,801.305078,1804.739448,1319.071847,1355.483907,817.720815,697.24727,531.903104,603.409423,897.582454,693.101146,1190.306907,867.251709,0.0,219.930625,891.457865,1765.656488,665.565771,97.684914,739.97811,391.885651,848.848223,1602.376409,550.599167,372.636876,316.65273,693.642126,397.422495,532.50688,823.471657,2010.998571,323.771065,231.10421,761.6794,608.172412,869.649565,1732.437113,2189.822165,676.41821,656.649212,1771.179387,1872.447832,611.121426,1848.205102,649.967219,621.317368,1062.824361,1113.156189,323.22032,2092.128086,1872.488041,1205.747868,975.89257,1523.542889,1323.198299,1505.645922,1515.199516,911.550218,511.99693,1637.455124,1053.304361,2446.862715,1832.697927,1426.116444,1200.889432,1446.97586,1372.711736,1877.937018,703.954862,632.03448,1046.184747,2026.374258,1225.030176,636.690361,1915.852304,976.83375,1803.028133,836.240158,313.396977,1961.667164,2245.620865,997.161147,842.58393,1582.205431,487.304902,1570.81482,1878.346803,2188.036371,1091.640012,395.288545,2254.471773,1557.706973
8587,382.025942,583.346599,1924.89273,668.57259,1905.082825,1413.029035,1029.460978,298.275009,2035.455205,670.350568,614.940603,1584.808823,1099.141223,1215.064115,729.796683,651.736376,429.566238,383.478799,795.245588,730.601676,1047.332829,764.914843,219.930625,0.0,685.001203,1545.725864,577.641639,122.245711,582.925147,285.131666,691.79526,1382.445785,448.262301,406.211463,172.308879,473.711502,470.187575,430.170014,777.960762,1791.067947,259.479376,438.808707,673.755268,487.339757,723.607923,1546.072638,2049.402373,583.605103,470.284738,1551.901208,1740.719398,683.886506,1716.476668,690.795215,662.145364,956.070376,893.225565,206.141322,1951.708294,1686.123567,1103.411002,1001.404314,1383.123097,1220.861433,1365.22613,1328.835042,765.508576,409.660064,1417.5245,950.967495,2226.93209,1697.374048,1206.18582,1098.552566,1260.611385,1257.965777,1691.572544,561.031039,680.324567,943.847881,1806.443634,1084.610384,416.759736,1729.48783,756.903126,1596.888997,649.875684,455.711977,1823.790499,2059.25639,854.051832,740.247064,1362.274806,384.968036,1384.450346,1740.470138,1968.105747,872.361833,244.05836,2114.051981,1371.342498
5821,398.03719,1093.977073,1831.461204,39.402461,1355.144273,1201.078801,949.970969,814.042229,1485.516653,1169.106768,345.643075,1071.814238,586.146638,1121.632589,805.89432,789.574388,928.322438,386.179477,1294.001788,876.753709,707.422789,1263.671043,891.457865,685.001203,0.0,1032.731279,709.198162,807.246913,415.739731,881.524138,433.2972,846.341733,947.018501,727.066167,637.816584,609.581779,1089.732918,857.051472,896.721066,1278.073362,648.461959,759.663411,791.882992,518.171318,596.086933,996.134086,1647.473959,599.855512,234.808654,1095.306572,1661.229389,1244.957945,1636.986659,1189.551415,1160.901564,1141.51589,380.23098,825.686666,1763.859359,1136.185015,1260.140657,1500.160514,1284.638227,1560.341694,1271.794604,778.89649,696.408307,908.416264,881.420448,1372.481356,1713.937506,1603.942522,772.867699,1597.308766,748.721621,1185.501042,1141.633992,572.31886,1179.080767,1442.604081,1270.339582,950.807166,338.851367,1179.549278,420.013182,1175.107414,309.965644,776.566681,1730.358973,1509.317838,625.648058,1238.201421,849.280221,883.724236,834.511794,1647.038612,1455.111162,607.587804,540.306721,1621.077943,821.403946
2841,1381.383999,1773.250405,1234.592321,993.328818,625.744544,705.849414,1155.250087,1592.160736,786.667785,1848.380101,1290.121189,347.717453,492.660266,876.230091,1692.173352,1740.883674,1607.595771,1164.297983,1869.431286,1828.062995,1409.552873,1839.100541,1765.656488,1545.725864,1032.731279,0.0,1657.907476,1667.971574,1398.710935,1659.642645,1324.078851,523.43758,1610.235397,1710.412976,1570.76116,1356.133359,1916.347539,1566.804457,1783.000099,500.814101,1631.808768,1743.01022,1740.592306,1501.518127,1396.589572,1136.352026,763.502478,1582.826717,1242.683121,489.85529,1286.909552,1924.231277,1262.666823,1868.824747,1840.174897,1470.466287,652.500299,1686.411327,990.660692,642.398019,1556.026548,2075.590012,789.40884,1809.064714,779.852466,1254.330637,1496.190061,1539.737965,418.032292,1741.117989,716.090211,1216.385888,604.641976,1913.786369,1351.991881,1420.766611,683.7132,1555.290064,1858.354099,1949.41388,357.833461,963.790301,1201.997782,929.322669,1003.028895,569.656131,1226.609208,1759.91349,1197.723353,690.337684,1327.778143,1760.456359,243.778024,1562.997568,1209.848148,1207.914342,571.139681,906.123688,1523.65353,737.106462,1296.838094
8717,334.056879,1095.532379,2329.853781,748.89393,1689.882802,1742.421874,1448.363546,810.460789,1803.103771,1182.536348,417.544859,1742.632846,1256.965246,1620.025166,152.155045,121.938778,941.752018,686.09711,1307.431368,216.457213,640.351434,1277.100622,665.565771,577.641639,709.49147,1658.200784,0.0,659.350867,327.408715,797.317446,361.489626,1440.836976,960.44808,405.241682,442.666111,862.10178,982.373354,942.355794,215.337439,1948.89197,432.839807,533.771317,96.11363,345.601284,319.694092,1279.002319,2318.292567,138.88821,485.394424,1766.12518,2159.621966,1196.072285,2135.379236,1202.980994,1174.331144,1465.05919,1051.049588,718.327101,2356.669345,1373.489653,1583.730232,1513.590094,1788.084148,1733.047213,1770.187181,1078.155008,361.594745,921.845843,1475.915691,1463.153274,2374.290994,2102.335099,1427.140442,1610.738345,987.64552,1683.893619,1355.540224,143.160792,1192.510346,1456.03366,1845.07139,1449.199743,568.529654,1393.45551,977.857747,1830.507545,495.003144,472.736345,2228.75155,1759.219937,447.205673,1252.432844,1520.098829,897.153815,1133.770312,2145.431189,2125.92977,1105.980381,333.583279,2291.896551,1120.662464
9408,504.271653,544.511518,2041.399286,790.818301,2027.328535,1532.078717,1148.51066,383.658885,2157.700915,634.040254,737.186313,1707.054534,1221.386934,1334.113797,811.505911,691.032366,510.532995,505.72451,876.212345,702.395458,1169.578539,845.881599,97.684914,122.245711,807.246913,1667.971574,659.350867,0.0,705.170857,370.515542,814.04097,1504.691495,529.229057,378.005245,279.088267,595.957212,409.402268,511.136771,817.256753,1913.313657,291.24268,328.789124,755.464496,601.957507,845.853633,1668.318349,2168.452056,670.203306,592.530448,1674.146919,1851.077722,623.101199,1826.834993,661.946991,633.29714,1041.454252,1015.471275,301.85021,2070.757977,1808.369277,1184.377758,987.872343,1502.172779,1301.82819,1484.275812,1451.080752,887.754286,490.62682,1539.77021,1031.934251,2349.177801,1811.327818,1328.43153,1179.519322,1382.857095,1351.341626,1813.818254,683.276749,644.014252,1024.814637,1928.689344,1203.660067,539.005447,1851.73354,879.148836,1719.134708,772.121394,411.081891,1940.297055,2181.502101,976.297542,821.213821,1484.520517,465.934792,1506.696056,1856.976694,2090.351458,994.607544,366.30407,2233.101664,1493.588209
7421,200.899205,1100.815887,2154.800036,455.142191,1536.617074,1567.368129,1273.309801,815.744297,1666.989454,1187.819856,138.582993,1487.553969,1001.886368,1444.971421,423.811565,410.091605,947.035526,511.043365,1312.714876,497.270926,597.640296,1282.38413,739.97811,582.925147,415.739731,1398.710935,327.115407,705.170857,0.0,802.600954,130.0812,1181.347128,965.731588,575.586412,486.336829,687.048034,987.656862,890.065962,514.638312,1693.813092,496.982204,608.183656,409.800238,304.998477,214.004179,1177.606888,2063.213689,360.194119,283.929631,1511.046302,1984.568221,1201.355793,1960.325491,1208.264502,1179.614652,1290.005445,795.97071,723.610609,2179.599089,1317.657816,1408.676487,1518.873601,1613.030403,1675.389784,1595.133436,960.369291,314.325552,927.129351,1216.425843,1405.495846,2114.801145,1927.281354,1188.60743,1616.021853,879.747398,1508.839874,1323.106793,332.657467,1197.793854,1461.317168,1605.344977,1274.145998,393.475909,1361.022079,802.804002,1590.847144,201.251405,625.086926,2053.697805,1690.79064,344.448088,1257.716352,1265.019952,902.437323,1015.984595,1970.377444,1870.850893,930.926636,388.826966,2036.817673,1002.876748
8299,601.701749,360.616694,1725.222311,865.095526,2060.773022,1215.901742,832.333685,67.481909,2236.864447,435.746389,816.349846,1542.701861,1213.058004,1017.936822,949.47249,871.412183,194.96206,497.39558,560.64141,950.277483,1248.742072,530.310664,391.885651,285.131666,881.524138,1659.642645,797.317446,370.515542,802.600954,0.0,904.003971,1522.354965,213.658122,625.88727,391.984686,488.167906,311.04346,195.565836,997.63657,1688.636782,479.155183,622.989861,893.431075,707.015565,943.28373,1747.481881,1852.275081,803.280911,671.69398,1433.632302,1534.900747,510.377891,1510.658017,456.191036,427.541185,725.277277,1007.142346,218.276389,1754.581001,1887.532809,868.806823,766.800135,1185.995804,986.257254,1168.098837,1530.244284,985.184383,175.055885,1557.43368,716.363316,2175.687315,1495.150843,1106.470414,863.948387,1462.020628,1035.164651,1892.981786,780.706846,445.720388,709.243702,1946.352814,887.483091,598.050953,1930.897072,743.286324,1465.481048,851.284927,675.387785,1624.120079,2236.507119,1073.727639,505.642886,1476.191587,150.363857,1585.859589,1540.799719,1912.536716,754.092927,463.734167,1916.924688,1572.751741
7243,309.769318,1160.266195,2188.074669,472.69966,1461.98499,1600.642762,1306.584434,880.331352,1592.35737,1235.395891,87.654125,1425.65304,1019.443837,1478.246054,457.892475,444.172516,994.611561,544.317998,1360.290911,531.351836,494.926789,1329.960166,848.848223,691.79526,433.2972,1324.078851,361.196318,814.04097,130.0812,904.003971,0.0,1106.715044,1013.307624,684.456525,595.206942,720.322667,1096.526975,923.340595,548.719222,1631.660862,605.852317,717.053769,443.881148,413.86859,178.541766,1102.974804,2001.061459,419.484509,317.204264,1528.603771,2017.842854,1310.225906,1993.600124,1255.840538,1227.190687,1323.280078,813.528179,832.480722,2165.02922,1243.025732,1441.95112,1566.449637,1646.305036,1708.664418,1628.408069,867.948647,288.347602,974.705387,1141.793759,1438.770479,2040.169061,1960.555987,1206.164899,1663.597888,777.033892,1542.114507,1248.474709,391.947857,1245.369889,1508.893203,1530.712893,1307.420631,426.750542,1286.389995,836.078635,1608.404613,168.530675,733.957039,2086.972438,1616.158556,308.985675,1304.490543,1282.577421,950.013359,941.352511,2003.652077,1808.698662,964.201269,497.697079,1974.665443,928.244664
3595,1188.54785,1724.816238,1554.537265,823.994634,564.835201,866.53199,1307.615947,1454.873056,751.029001,1799.945933,1072.757382,625.011769,512.042835,1033.346217,1474.809545,1523.519866,1559.161603,1027.010303,1820.997119,1610.699187,1110.249738,1790.666373,1602.376409,1382.445785,846.341733,523.43758,1440.543668,1504.691495,1181.347128,1522.354965,1106.715044,0.0,1561.80123,1517.576826,1401.426975,1218.845679,1779.059859,1497.882299,1565.636292,831.01959,1438.972618,1550.174071,1523.228499,1308.681978,1179.225765,773.812188,1200.420188,1365.462909,1025.319313,731.511684,1444.025678,1875.79711,1419.782949,1820.39058,1791.740729,1567.902923,533.662886,1523.131247,1364.387948,401.697363,1686.52769,2027.155844,950.091417,1966.18084,940.535042,921.34774,1278.826254,1491.303797,178.520134,1838.554625,1220.659142,1373.502014,630.675146,2048.334796,1033.541176,1577.882737,443.012544,1337.926257,1809.919931,1969.599411,625.193927,1116.156162,1036.295949,672.077022,868.496123,811.312526,1009.245401,1567.077341,1487.880869,740.569298,1110.414335,1712.022191,485.434418,1514.563401,819.344759,1416.598104,1008.057391,932.156858,1330.817381,1174.024172,893.881489
8304,764.832384,291.035963,1646.645539,930.589888,2100.219287,1137.324971,753.756914,254.798435,2312.83023,366.165658,925.653499,1492.720643,1243.210258,939.360051,1112.603125,1034.542818,125.381329,562.889943,346.983288,1113.408117,1358.045725,316.652542,550.599167,448.262301,947.018501,1610.235397,960.44808,529.229057,965.731588,213.658122,1013.307624,1561.80123,0.0,789.017905,555.11532,553.662268,452.539727,125.985105,1160.767204,1638.655565,642.285818,781.703376,1056.56171,870.146199,1106.414365,1856.785534,1773.698309,966.411545,780.997633,1383.651085,1456.323976,442.016835,1432.081246,340.977041,351.453089,599.269779,1046.588611,376.989904,1676.00423,1963.498592,655.148701,553.142014,1107.419033,772.599133,1089.522066,1639.547937,1148.315018,70.497433,1596.879945,502.705194,2125.706097,1416.574072,1056.489197,650.290265,1571.324281,918.731134,2002.285439,943.83748,376.139657,495.58558,1968.068857,808.90632,663.545315,2040.200725,693.305107,1386.904277,960.588579,838.518419,1545.543308,2275.953383,1236.858274,291.984764,1426.78434,63.294265,1695.163241,1462.222948,1862.555499,704.11171,626.864802,1838.347917,1682.055394
9692,374.687207,856.406026,2265.648334,766.468627,1927.055601,1749.284963,1370.216581,639.030613,2057.427981,956.486015,636.913379,1749.495935,1263.828335,1555.819719,557.396726,436.923181,770.321842,692.960199,1136.001192,355.837418,990.393622,1105.670446,372.636876,406.211463,727.066167,1710.412976,405.241682,378.005245,575.586412,625.88727,684.456525,1517.576826,789.017905,0.0,233.902585,814.467106,743.247001,770.925618,489.835477,1955.755059,175.900003,212.452553,501.355311,436.806946,669.73628,1568.045414,2325.155656,440.837396,492.257514,1772.988269,2081.475001,956.945932,2057.232272,976.930661,948.280811,1296.82598,1057.912677,546.896926,2292.463898,1708.096343,1444.166605,1270.01866,1723.878701,1561.617037,1705.981733,1350.807818,711.636933,750.415668,1552.655541,1291.723098,2391.619203,2038.129651,1434.003531,1439.308169,1282.584161,1598.72138,1705.582412,468.374048,966.460013,1284.603484,1941.574676,1425.365988,575.392743,1743.497698,984.720836,1837.370634,671.84846,102.86781,2164.546103,2081.229166,797.247861,1081.002668,1526.961918,725.72364,1406.423122,2081.225742,2132.792859,1112.84347,230.896846,2298.75964,1393.315274
