,21930,21788,1222,414,2191,2083,1542,2211,762,1412,1379,1266,2079,1884,943,1390,808,21909,2093,877,379,21823,378,980,1755,218,2309,236,2082,800,237,21919,2801,335,2227,1799,2597,21961,501,681,908,1599,21868,1215,2707,268,21874,22080,1417,1440,2262,2306,1084,583,1035,21956,21809,21864,1940,21889,2092,278,21955,349,1338,556,423,2565,443,2110,333,636,2803,1423,1690,2007,21841,455,2160,2024,21937,1279,1080,1415,1414,413,21807,21846,248,1441,21849,21978,1895,132,1053,1109,252,2263,4690,2294,1020
21930,0.0,1438.852416,1791.092702,3471.120055,2289.517824,2175.153266,1736.172669,2616.570359,1918.322717,1767.464275,2060.376182,1688.309155,2175.858361,2052.970078,1777.797973,2020.218342,1403.745563,164.56825,2376.510347,1861.852201,1535.288638,762.499682,1263.551231,1855.545489,1919.390666,426.523114,2368.401624,1503.661583,2180.000415,1594.783443,1673.986064,433.151708,2608.706249,1217.002999,2273.136657,2099.808442,2267.394699,221.104269,1662.944778,1712.035842,1898.683308,1700.227526,491.808411,2018.092344,2338.429865,1235.77136,805.766611,775.447238,1758.411818,2988.874074,2651.256391,2333.077639,1732.030162,1593.298117,2622.924269,359.047516,1058.364713,790.0911,2405.987932,764.285892,2310.078632,1911.274678,462.338678,2049.834677,3740.849289,1994.319825,1180.332955,2188.939036,1930.28145,2191.696653,1007.68079,1824.291404,2653.675323,1917.963019,1868.156689,1947.330579,492.536152,1953.729053,2124.722882,2319.082219,246.881626,1729.617266,1716.176823,1764.167859,1751.777141,2788.803138,1119.888352,445.815699,1925.955448,2845.581041,697.675888,521.44695,2064.75,2664.865139,2170.568575,1991.890936,788.486759,2626.449374,4094.711064,3292.697412,1643.731639
21788,1438.852416,0.0,2344.145614,2630.769066,2656.75823,2542.393672,2690.836725,2430.095208,1693.326195,2623.267768,2151.669958,2543.109183,2543.098767,2524.841519,2057.038332,2990.492367,2259.549056,1348.332631,2542.795378,1809.534999,2552.328283,731.424696,2280.590875,2825.819514,2874.054722,1411.489385,2567.973656,2598.828942,2547.240821,2470.689348,2816.954034,1355.983191,2736.81327,1656.691172,2640.377063,2359.807308,2966.445178,1539.672606,1542.910828,2635.269315,1786.675156,2654.891582,1056.288798,2958.325915,2875.877723,1047.099375,1206.114373,1865.691997,2550.236932,2148.523085,2404.502488,2603.29764,2171.718335,2563.572143,2160.914114,1625.542182,709.154186,1226.455863,2320.008143,1306.168869,2612.73908,1070.923689,1552.583437,3145.002035,2900.4983,2964.593851,1829.427145,3143.603092,1406.328863,2558.937059,1902.493151,2794.56543,2745.992357,2437.450192,2611.6021,2901.994636,1012.350085,2978.880415,3015.363182,2411.399253,1442.68691,2585.420759,2247.169081,2618.967887,2569.088979,1948.452149,560.007461,997.716732,3068.923419,2005.230052,850.421321,1717.442131,2573.452258,1824.514149,1981.480382,1915.799145,1542.880271,2329.846438,3254.360075,2734.049283,2555.92064
1222,1791.092702,2336.548374,0.0,3008.366963,681.913994,581.935578,561.292152,1112.757441,948.756065,316.815943,508.801092,234.276662,561.144137,397.296589,377.144469,966.810964,387.34714,1693.882194,775.564363,668.899944,1556.204598,1737.200458,1420.319925,998.364489,844.721138,1438.011239,767.455639,1994.012994,572.396585,554.13818,1965.402058,2179.302054,1007.760265,944.276056,665.532827,518.315572,702.007588,1885.222169,962.672564,893.40483,722.351875,597.237295,1857.312208,846.935286,681.654573,1393.807489,2245.656229,2437.062224,241.40441,2180.334702,1208.694083,732.131655,239.398914,1127.29908,1517.174497,2037.49454,1726.798627,2370.643171,895.310687,2279.103193,709.132648,1992.301443,2140.785702,2185.645401,2960.477799,1540.012789,761.747201,848.110422,1328.277259,584.092822,1109.896394,1261.134623,1072.182453,201.729209,302.769578,872.661052,1550.243271,1763.28001,706.530661,737.589349,2037.974328,358.275643,96.976533,310.135365,260.256457,2394.430781,2094.589128,1758.333186,2287.643779,2037.041669,1910.779823,2091.231427,365.840118,3377.123453,994.237142,723.017962,1223.468742,1194.793969,2892.346952,1892.792544,493.008223
414,3568.004262,2743.03406,2998.926173,0.0,2832.772726,2862.086843,3542.975557,2164.870245,2164.84791,3298.499349,2681.064917,3215.960067,2875.149988,2944.48502,2649.649398,3926.16996,3080.875194,3470.793753,2684.424361,2346.850849,4028.902864,3036.93637,3757.165457,3863.787768,3826.404544,3326.67996,2709.602638,4409.971375,2863.89754,3346.876222,4381.36044,3718.560773,2529.474045,2720.720466,2879.594827,2779.11015,3332.856919,3662.133728,2281.187157,3699.842061,2276.574298,3578.920701,3418.86638,3793.79299,3192.597181,2471.794859,3739.62032,4185.73405,3206.818345,1019.276226,2134.317751,2744.926623,2826.498894,3933.736311,1481.751676,3786.166367,3014.66586,3759.961811,2315.114865,3818.361912,2754.368063,1697.506365,3889.457529,4633.777823,596.056278,4346.45002,2880.765039,3572.850665,1959.970462,2852.392269,3379.067733,4067.571854,2447.533599,3029.120412,3192.059462,3806.314104,3179.326149,4455.454997,3487.412525,2595.446573,3805.264492,3339.959049,2901.94964,3291.818771,3238.061346,682.316917,2943.783885,3303.228406,4735.7762,1010.051616,3321.73975,3839.903253,2993.095759,944.321197,2186.186053,2405.738083,3126.239472,2045.861288,1610.054683,1584.358655,3391.387715
2191,2289.517824,2656.75823,681.913994,2841.208194,0.0,117.810411,1076.046485,667.902482,1149.183608,828.956622,580.478629,840.061725,120.769857,284.617405,694.360956,1378.664643,993.132203,2130.31486,199.052042,875.832345,2161.989661,2122.260841,2026.104988,1543.337496,1177.494382,1879.229478,123.170089,2599.798057,109.51741,1159.923243,2571.187121,2564.362438,363.474714,1329.336439,68.107011,296.950923,533.298633,2389.012576,1213.509565,1499.189893,909.578891,1083.706185,2242.372592,1344.982032,436.89666,1778.867872,2630.716612,2973.11006,734.771315,2153.626166,708.474039,87.846104,557.487662,1733.084143,1490.465961,2573.542376,2111.85901,2755.703554,613.427413,2664.163576,132.620328,2116.967265,2676.833538,2773.128399,2683.607532,2118.190751,1146.807584,761.362849,1538.584791,97.821172,1645.94423,1866.919686,445.415161,517.802497,548.388454,1014.502698,1935.303655,2347.649308,705.194535,279.744492,2536.39945,951.750242,644.66676,785.606038,766.014316,2415.593125,2479.649511,2143.393569,2875.126776,2010.333133,2295.840207,2627.279263,332.127766,3398.285797,894.241641,818.05357,1678.78899,787.402564,2327.45579,1384.62612,1098.793286
2083,2175.153266,2542.393672,581.935578,2870.52231,117.810411,0.0,1016.816998,697.216598,1034.81905,728.978206,489.472142,740.083309,20.791441,184.638989,579.996398,1357.87663,893.153787,2015.950302,201.357081,761.467787,2062.011245,2007.896284,1926.126572,1492.086535,1156.706369,1764.864921,193.248358,2499.819641,24.933495,1059.944827,2471.208705,2449.99788,433.552983,1214.971881,118.069737,182.586365,538.513624,2274.648018,1099.145008,1399.211477,795.214333,1052.762142,2128.008034,1302.460132,442.111651,1664.503315,2516.352055,2858.745502,634.792899,2182.940283,778.552308,157.924373,443.123105,1633.105727,1519.780078,2459.177819,1997.494453,2641.338996,642.74153,2549.799018,134.925367,2088.244418,2562.46898,2691.452048,2712.921648,2045.819436,1032.443026,766.57784,1424.220234,36.629733,1531.579672,1766.94127,515.49343,417.824081,448.410038,1003.3081,1820.939097,2269.086657,684.406522,309.058608,2422.034892,851.771826,544.688344,685.627622,666.0359,2444.907242,2365.284954,2029.029012,2793.450426,2039.64725,2181.475649,2512.914705,232.14935,3427.599914,923.555758,703.689012,1564.424433,816.716681,2397.534059,1454.704389,998.81487
1542,1682.063927,2673.188594,561.292152,3552.416347,1076.046485,1016.816998,0.0,1609.679182,1492.805449,338.805238,1041.71496,327.01549,996.025558,837.876887,931.673688,445.371865,566.359382,1584.853418,1210.445783,1212.949329,1305.206525,2120.245354,1169.321852,515.122589,283.428987,1478.385091,1199.216573,1743.014921,1007.278005,390.631013,1614.918897,2115.215634,1439.521199,1435.134533,1040.847139,1015.237314,739.730324,1776.193393,1482.658118,652.090799,1266.401259,35.945144,2103.376009,325.496186,883.308264,1830.110248,2404.746021,2299.793715,429.716721,2724.384087,1705.615825,1163.892589,793.928133,876.301008,2061.223882,1900.226032,2115.127009,2389.07051,1392.232429,2363.265302,1144.014069,2536.350827,2003.517193,1787.805253,3504.527183,1132.867606,1008.66916,509.372514,1861.310416,1018.974243,971.755295,887.2045,1521.461645,688.162468,568.406961,311.368901,1863.181868,1362.326162,445.15636,1234.511091,1928.945552,229.900256,651.505752,410.864439,398.47372,2938.480166,2477.634024,2047.03246,1889.80363,2581.091054,2223.71842,1953.962918,784.667649,3829.876125,1533.900777,1255.93183,1309.046542,1691.71571,3389.268694,2389.714286,267.950355
2211,2616.570359,2430.095208,1112.757441,2173.305713,667.902482,697.216598,1609.679182,0.0,763.486169,1274.147769,664.594187,1285.252871,710.279743,846.816909,946.414358,2015.197995,1426.590501,2457.367394,519.554116,788.163602,2607.180807,2062.900535,2471.296134,2049.340698,1824.111954,2206.282013,544.732393,3044.989203,699.027295,1605.11439,3016.378268,2785.791553,589.110027,1399.567361,714.724582,681.442039,1179.916205,2716.065111,986.846543,1944.38104,720.500093,1645.624326,2486.097159,1895.322316,1083.514232,1622.023384,2852.145728,3286.031126,1179.962461,1503.371684,95.936643,580.056378,962.220149,2178.275289,1032.995512,2886.463443,2052.498704,2889.92866,217.446754,2885.592691,589.497818,1659.496815,2989.754604,3236.621611,2015.705051,2590.988998,1535.382688,1407.980421,1166.785966,687.522024,2034.519334,2312.110833,507.169581,955.143504,1094.391351,1661.120269,2262.356189,2814.25622,1351.812106,430.576328,2863.451985,1409.251853,1075.510207,1251.863333,1211.205462,1958.122676,2352.355168,2329.192571,3338.619988,1414.196983,2442.952892,2940.200329,895.427647,2940.815348,496.637926,670.471399,2005.841525,119.500083,1833.912908,848.219488,1543.984432
762,1925.413826,1693.326195,948.756065,2164.84791,1149.183608,1034.81905,1492.805449,763.486169,0.0,1248.32924,644.095336,1165.789959,1035.524144,1017.607555,599.47929,1875.999852,1030.705086,1766.210862,1035.220756,279.856121,2109.140081,1331.431931,1837.402674,1813.61766,1776.234435,1515.12548,1060.399033,2490.208591,1039.666198,1296.706114,2461.597656,2054.322949,1229.238648,708.410828,1132.802441,852.232685,1458.870556,2024.908578,255.37794,1649.671953,249.560923,1528.750593,1754.628556,1743.622882,1368.3031,885.254371,2120.677124,2554.562522,1169.848763,1367.761758,732.933675,1095.723018,776.328786,1883.566203,704.601553,2154.994839,1321.030101,2158.460057,726.684197,2154.124088,1105.164458,1080.401655,2258.286001,2714.015039,2147.904854,2296.279912,844.226155,1661.503623,434.541778,1051.362436,1343.362801,2017.401746,1166.804939,992.15083,1167.786243,1804.174349,1548.154621,2519.547133,1560.53506,903.82463,2141.026668,1289.788941,851.779532,1241.648663,1191.769755,1482.530993,1615.586155,1597.723967,2816.013417,1224.468725,1711.484289,2208.731725,1066.218294,2465.223665,304.011236,386.120266,1314.684993,708.126658,2456.405317,1374.374696,1341.217607
1412,1767.464275,2615.670528,316.815943,3307.940139,828.956622,728.978206,338.805238,1274.147769,1248.32924,0.0,718.687163,129.121951,708.186766,550.038096,687.197479,744.324051,367.102874,1670.253766,922.606991,968.47312,1390.998514,2016.322612,1255.113842,814.074775,622.234225,1414.382811,914.498268,1828.80691,719.439213,388.932097,1800.195975,2200.615982,1154.802894,1225.778907,812.575455,679.7059,670.161304,1861.593741,1262.245739,728.198747,1021.925051,374.750382,2087.013933,624.448372,763.678043,1675.31034,2475.357954,2413.433796,94.185308,2479.907878,1370.084411,879.174283,537.615098,962.092997,1816.747673,2013.866113,2005.920781,2502.710591,1056.701015,2456.954678,856.175277,2291.874618,2117.157274,2020.439318,3221.668435,1374.806706,834.160052,661.920869,1627.850434,731.135451,1016.797009,1095.92854,1233.572781,365.134671,293.404867,635.169933,1779.944996,1598.073927,520.341107,898.979677,2014.3459,140.599515,407.029544,75.333025,62.942307,2694.003957,2373.711282,1988.034911,2122.437695,2336.614845,2140.481548,2067.602999,496.828857,3676.696629,1210.87298,932.904033,1199.840315,1356.184297,3053.73728,2054.182872,327.80214
1379,2060.376182,2151.669958,508.801092,2690.505707,580.478629,489.472142,1041.71496,664.594187,644.095336,718.687163,0.0,714.69947,490.177237,472.260648,282.578209,1447.233773,792.831721,1901.173217,432.130263,370.744073,2036.627406,1698.125692,1900.742734,1478.787297,1325.143947,1650.087836,457.308541,2474.435802,494.319291,1034.560989,2445.824867,2335.220795,626.148156,898.192753,587.455533,306.885778,913.523648,2159.870933,708.421294,1373.827639,404.490619,1077.660104,2013.230949,1327.358095,822.956193,1288.272668,2401.57497,2743.968417,624.501856,1862.473447,760.53083,492.632525,358.2638,1607.721889,1199.313242,2344.400734,1687.723861,2525.153817,447.147433,2435.021934,502.073966,1697.520704,2447.691895,2666.06821,2612.114853,2020.435598,917.665942,1116.156715,1033.49652,506.015529,1416.802588,1741.557432,635.327242,446.803923,622.439335,1267.96831,1706.162012,2243.702819,1015.188153,300.734138,2307.257807,838.698452,471.553858,712.006585,655.744857,2099.650042,2055.514362,1914.251927,2768.066587,1719.180413,2066.698564,2398.13762,520.871386,3082.342714,590.934245,312.965298,1449.647348,746.630715,2455.491741,1444.629291,973.431032
1266,1688.309155,2535.511943,234.276662,3225.400857,840.061725,740.083309,327.01549,1285.252871,1165.789959,129.121951,714.69947,0.0,719.291868,561.143198,604.658198,732.534303,284.563593,1591.098646,933.712093,885.933839,1321.927937,1936.164027,1186.043264,764.087828,610.444477,1335.227692,925.60337,1759.736332,730.544316,319.861519,1731.125397,2121.460863,1165.907996,1143.239625,823.680558,690.811003,709.996614,1782.438622,1179.706458,659.128169,939.385769,362.960634,2007.858814,612.658625,781.03178,1592.771058,2396.202834,2334.278676,130.154036,2397.368597,1381.189514,890.279386,466.912643,893.022419,1734.208392,1934.710993,1925.762196,2423.555471,1067.806117,2377.799558,867.280379,2209.335337,2038.002155,1951.36874,3177.511693,1305.736128,755.004932,715.482432,1545.311153,742.240553,947.726431,1026.857962,1244.677883,361.146978,310.758604,638.384391,1700.789877,1529.003349,573.902671,910.084779,1935.190781,123.998982,324.490262,135.910077,123.519358,2611.464676,2293.552697,1908.879791,2053.367118,2254.075564,2061.326429,1988.447879,507.933959,3594.157348,1206.885287,928.91634,1120.685195,1367.289399,3064.842382,2065.287975,258.731562
2079,2175.858361,2543.098767,561.144137,2883.585455,120.769857,20.791441,996.025558,710.279743,1035.524144,708.186766,490.177237,719.291868,0.0,163.847549,580.701493,1337.08519,872.362346,2016.655397,214.420226,762.172881,2041.219804,2008.601378,1905.335131,1471.295095,1135.914929,1765.570015,206.311502,2479.0282,11.252448,1039.153387,2450.417265,2450.702974,446.616128,1215.676976,104.38869,183.29146,518.020627,2275.353113,1099.850102,1378.420037,795.919428,1031.970701,2128.713129,1281.668692,421.618654,1665.208409,2517.057149,2859.450597,614.001459,2186.917512,791.615453,170.987518,443.828199,1612.314287,1523.757307,2459.882913,1998.199547,2642.044091,647.286744,2550.504113,147.988511,2088.949512,2563.174075,2670.660608,2725.984793,2025.027996,1033.148121,746.084843,1424.925328,22.948685,1532.284767,1746.14983,528.556574,397.032641,427.618597,982.51666,1821.644191,2248.295217,663.615082,322.121753,2422.739987,830.980385,523.896903,664.836182,645.244459,2448.884471,2365.990048,2029.734106,2772.658985,2043.624479,2182.180744,2513.6198,211.35791,3431.577143,927.532987,704.394107,1565.129527,829.779826,2410.597204,1467.767534,978.02343
1884,2052.970078,2517.244279,397.296589,2951.938238,284.617405,184.638989,837.876887,846.816909,1017.607555,550.038096,472.260648,561.143198,163.847549,0.0,557.840374,1243.3957,711.514009,1925.950382,378.267774,744.256293,1883.071134,1917.896363,1747.186461,1313.146425,1049.669101,1674.865,370.159051,2320.87953,175.099996,881.004717,2292.268595,2359.99796,610.463677,1124.971961,268.236239,252.375041,515.513804,2147.099544,1081.933513,1220.271366,778.002839,873.822031,2038.008114,1123.520022,432.466769,1574.503395,2426.352134,2698.939599,455.852788,2169.000923,942.753552,334.835067,353.123184,1454.165616,1505.840718,2299.371916,1907.494533,2551.339076,629.370156,2459.799098,311.83606,2071.032923,2402.663077,2512.511938,2794.337575,1866.879325,942.443106,718.146871,1407.008739,186.796234,1371.773769,1588.001159,692.404123,233.185092,269.469927,936.079887,1730.939177,2090.146546,617.178308,471.648818,2299.851703,672.831715,360.049355,506.687511,487.095789,2430.967882,2275.285033,1939.029091,2614.510315,2025.70789,2091.475729,2353.108802,53.209239,3413.660554,909.616398,686.477518,1474.424513,928.853437,2574.444752,1626.852013,819.874759
943,1777.797973,2057.038332,377.144469,2659.090188,694.360956,579.996398,931.673688,946.414358,599.47929,687.197479,282.578209,604.658198,580.701493,557.840374,0.0,1337.1925,510.253513,1618.595009,702.642392,319.623169,1792.020147,1600.119056,1628.264252,1293.166087,1215.102674,1367.509628,727.820669,2229.828543,584.843547,776.254541,2201.217608,2052.642587,896.660284,722.4308,677.979789,397.410034,1004.047904,1877.292725,613.789667,1129.22038,373.0751,967.618832,1730.652741,1217.316822,913.480449,1190.266032,2118.996762,2461.390209,611.785946,1831.057927,1042.351001,737.920771,204.71719,1363.11463,1167.897722,2061.822526,1589.717225,2243.983703,728.967604,2152.443726,670.015877,1643.418546,2165.113687,2421.460951,2611.201024,1775.828339,635.087733,1206.680971,979.394362,596.539784,1134.22438,1496.950173,905.83937,470.449047,673.151114,1243.042588,1423.583804,1999.09556,1076.912197,571.246266,2024.679599,728.657179,280.167936,680.516902,630.637994,2045.547885,1957.507726,1631.673719,2523.459328,1687.764894,1784.120356,2115.559412,606.451113,3028.240557,644.960367,434.781823,1167.06914,1028.450886,2726.003869,1726.449462,820.766034
1390,2020.218342,2982.895127,966.810964,3935.61075,1378.664643,1357.87663,445.371865,2015.197995,1875.999852,744.324051,1447.233773,732.534303,1337.08519,1243.3957,1337.1925,0.0,922.667831,1923.007833,1529.422697,1596.143731,954.75679,2383.547211,818.872117,164.672854,239.595465,1736.403463,1501.834731,1392.565186,1348.337637,657.462903,1237.191426,2453.370049,1742.139357,1728.060541,1343.465297,1381.772484,1042.348482,2114.347808,1775.584126,515.495662,1649.595662,437.747424,2454.238533,228.916876,1185.926422,2088.12862,2771.396593,2323.790861,835.235534,3107.578489,2087.138681,1466.510747,1199.446945,525.851272,2444.418284,2266.876604,2373.14538,2755.721082,1797.751241,2729.915874,1462.990983,2862.249912,2370.167766,1410.077782,3887.721586,755.140134,1301.595169,811.990672,2154.236424,1345.146002,1238.587185,536.754764,1824.079803,1093.681281,973.925774,443.830305,2147.169596,984.598691,747.774518,1637.124225,2267.099967,635.419068,1057.024565,816.383251,803.992533,3321.674568,2740.935881,2355.25951,1512.076159,2964.285456,2507.706148,1977.960064,1190.186461,4139.582657,1921.480929,1661.450643,1567.064914,2097.234523,3706.120432,2763.290763,534.782245
808,1403.745563,2251.951816,387.34714,3090.315984,993.132203,893.153787,566.359382,1426.590501,1030.705086,367.102874,792.831721,284.563593,872.362346,711.514009,510.253513,922.667831,0.0,1306.535054,1086.782572,750.848966,1359.1397,1652.6039,1176.941128,860.28564,849.788369,1050.664099,1078.673848,1796.948096,883.614794,343.374094,1768.33716,1836.897271,1318.978474,896.906713,976.751036,832.148633,863.649137,1497.875029,944.430298,696.339932,804.300896,602.304526,1723.295222,790.290861,934.684303,1346.438146,2111.639242,2049.715084,354.666256,2262.283724,1522.527144,1043.349864,464.370353,930.234182,1599.123519,1650.147401,1642.202069,2138.991879,1209.143747,2093.235966,1020.350857,2041.159956,1753.438563,1988.580503,3042.42682,1342.947891,470.44134,947.01014,1323.082596,895.311031,722.549255,1064.069725,1386.015513,514.217457,464.411126,877.728283,1416.226285,1566.215112,805.430378,1051.422409,1650.627189,363.342874,364.993676,360.422296,348.031578,2476.379802,2009.99257,1624.316199,2090.578881,2118.99069,1776.762837,1703.884287,661.004437,3408.639346,1076.186163,880.887701,836.121603,1508.627029,3206.180012,2206.625605,387.885586
21909,164.56825,1352.603902,1693.882194,3315.546349,2130.31486,2015.950302,1638.96216,2457.367394,1762.749011,1670.253766,1901.173217,1591.098646,2016.655397,1925.950382,1618.595009,1923.007833,1306.535054,0.0,2217.307382,1702.649237,1438.07813,702.505198,1166.340722,1758.33498,1822.180157,261.954864,2209.198659,1406.451075,2020.797451,1497.572935,1609.631393,597.719958,2449.503285,1057.800034,2113.933693,1940.605477,2170.18419,258.697717,1507.371072,1614.825334,1739.480344,1603.017017,558.811681,1920.881835,2241.219356,1080.197654,947.155701,884.212125,1661.201309,2833.300368,2495.682685,2173.874675,1572.827198,1496.087608,2467.350563,509.524144,902.791007,954.65935,2246.784968,879.712321,2150.875668,1755.700972,612.815306,1952.624168,3585.275583,1897.109316,1083.122446,2091.728527,1774.707744,2032.493688,910.470282,1727.080895,2494.472358,1820.752511,1770.94618,1850.120071,398.742128,1856.518544,2027.512373,2159.879254,411.449876,1632.406757,1618.966314,1666.95735,1654.566632,2633.229432,1059.893868,502.468132,1861.600778,2690.007335,759.27868,538.381328,1967.539491,2509.291433,2011.365611,1832.687972,623.918509,2470.875668,3939.137358,3137.123706,1546.52113
2093,2376.510347,2542.795378,775.564363,2692.859828,199.052042,201.357081,1210.445783,519.554116,1035.220756,922.606991,432.130263,933.712093,214.420226,378.267774,702.642392,1529.422697,1086.782572,2217.307382,0.0,761.869493,2255.640029,2089.251112,2119.755357,1685.71532,1328.252436,1966.222001,93.006178,2693.448425,203.167778,1253.573612,2664.83749,2651.35496,408.220792,1289.318173,218.865065,383.943445,684.056687,2476.005099,1099.546713,1592.840262,795.616039,1234.464239,2329.365114,1495.740086,587.654714,1679.398088,2717.709135,3060.102582,828.421684,2005.2778,615.490758,128.330163,644.480185,1826.734512,1342.117595,2660.534899,2078.849281,2842.696077,465.079047,2751.156099,93.638301,1968.618899,2763.826061,2885.080833,2535.259166,2239.448221,1233.800107,912.120903,1424.62194,191.662507,1732.936753,1960.570055,422.407765,611.452866,642.038822,1165.260752,2022.296177,2462.715442,855.952589,131.396126,2623.391972,1045.400611,738.317129,879.256407,859.664685,2267.244759,2446.639782,2230.386092,2987.07921,1861.984767,2382.83273,2714.271785,425.778135,3249.937431,745.893275,684.319758,1765.781513,639.054198,2270.770745,1327.941075,1192.443655
877,1861.852201,1809.534999,668.899944,2356.291639,875.832345,761.467787,1212.949329,788.163602,279.856121,968.47312,370.744073,885.933839,762.172881,744.256293,319.623169,1596.143731,750.848966,1702.649237,761.869493,0.0,2032.6156,1442.340327,1773.841049,1533.76154,1496.378315,1451.563855,787.04777,2426.646966,766.314936,1016.849994,2398.036031,2136.696815,955.887385,644.849203,859.451178,578.881422,1185.519293,1961.346953,366.286335,1369.815832,70.276551,1248.894472,1814.706969,1463.766762,1094.951837,1001.463175,2203.050989,2554.653624,893.061587,1528.259378,830.508227,822.371755,496.472666,1603.710082,865.099173,2155.085941,1431.938496,2269.368452,577.581175,2236.497953,831.813195,1333.281489,2258.377103,2650.453414,2308.402475,2016.423791,780.66453,1388.15236,669.257305,778.011173,1279.801176,1737.545625,965.066471,718.799567,894.43498,1524.318229,1507.638032,2239.691012,1287.183797,630.473367,2108.733827,1009.93282,571.923411,961.792542,911.913634,1735.410827,1731.794959,1708.632362,2752.451792,1384.966345,1822.392684,2208.822828,792.867031,2718.103499,342.161818,168.12319,1251.123367,805.701211,2553.97987,1503.699786,1061.361486
379,1535.288638,2544.731042,1556.204598,4028.902864,2161.989661,2062.011245,1305.206525,2607.180807,2109.140081,1390.998514,2036.627406,1321.927937,2041.219804,1883.071134,1792.020147,954.75679,1359.1397,1438.07813,2255.640029,2032.6156,0.0,1945.383127,271.737408,790.083936,1194.352255,1259.772117,2247.531306,714.430742,2052.472252,1065.873609,496.30565,1968.440346,2487.835932,1436.384634,2145.608494,2012.738939,1985.59943,1567.468031,1864.491808,720.427791,2082.409563,1297.582084,1996.88981,1002.076124,2102.959717,1649.964535,2304.738971,1776.656152,1452.081972,3476.901838,2703.11745,2212.207322,1746.136987,527.836565,2813.741633,1794.031895,1934.981296,2289.06346,2389.734053,2263.258252,2189.208315,2424.085827,1903.510144,691.359065,4257.044935,486.663819,1264.913926,1766.747461,2162.559816,2064.168489,924.594796,758.829852,2566.605819,1683.074915,1632.68654,1398.587094,1709.005511,426.552133,1702.531307,2232.012716,1782.170264,1259.745841,1646.418199,1457.838013,1445.447294,3346.585948,2302.771797,1917.095426,793.357442,3333.608805,2069.542063,1430.825355,1829.861895,3701.418573,2354.29483,2162.654335,1128.900829,2689.217335,4386.770318,3387.215911,1078.006446
21823,762.499682,731.424696,1737.200458,2913.551264,2122.260841,2007.896284,2179.6099,2062.900535,1331.431931,2016.322612,1698.125692,1936.164027,2008.601378,1917.896363,1600.119056,2383.547211,1652.6039,702.505198,2089.251112,1442.340327,1945.383127,0.0,1673.645719,2218.874358,2362.827896,851.847629,2114.429389,2079.99269,2012.743432,1863.744192,2297.840702,776.873381,2283.269004,1049.746016,2105.879675,1906.263041,2403.894954,874.168541,1076.053992,2028.324159,1419.480483,2143.664756,477.178987,2351.380759,2341.380334,648.880574,806.686636,1369.062518,1943.291776,2431.305284,2064.365605,2149.753374,1564.773179,1956.626987,2036.033484,1016.791803,471.473928,827.028126,1952.81347,876.67452,2142.82165,1353.705888,1055.953958,2550.258085,3183.280499,2357.648695,1222.481989,2549.997788,1343.390665,2024.43967,1295.547995,2187.620274,2292.44809,1830.505036,2004.656943,2390.76781,335.99735,2371.935259,2408.418026,1957.854986,863.5771,1978.475603,1640.223925,2012.022731,1962.143823,2231.234348,412.460632,321.363998,2550.087167,2288.012251,380.052358,1179.191236,1966.507102,2107.296348,1614.285709,1548.604472,935.935115,2039.558589,3537.142274,2705.806627,1948.975484
378,1263.551231,2272.993635,1420.319925,3757.165457,2026.104988,1926.126572,1169.321852,2471.296134,1837.402674,1255.113842,1900.742734,1186.043264,1905.335131,1747.186461,1628.264252,818.872117,1176.941128,1166.340722,2119.755357,1773.841049,271.737408,1673.645719,0.0,654.199264,1058.467582,988.03471,2111.646633,709.545803,1916.587579,905.288754,680.934868,1696.702939,2351.951259,1164.647227,2009.723821,1876.854266,1849.714757,1357.680698,1592.754401,584.543118,1810.672156,1161.697412,1725.152403,866.191451,1967.075044,1378.227128,2033.001564,1640.771479,1316.197299,3205.164431,2567.232777,2076.322649,1582.496441,391.951892,2542.004226,1528.481575,1663.243889,2017.326053,2253.849381,1991.520845,2053.323642,2152.34842,1631.772737,933.352251,3985.307528,758.401226,993.176519,1630.862788,1890.822409,1928.283816,652.857388,622.945179,2430.721146,1547.190242,1496.801867,1262.702421,1437.268104,698.28954,1566.646635,2096.128043,1510.432857,1123.861168,1510.533526,1321.95334,1309.562622,3074.848541,2031.03439,1645.358019,1035.350629,3061.871398,1797.804656,1294.940682,1693.977222,3429.681166,2082.557423,1903.879784,857.163422,2545.529331,4250.885646,3211.777369,942.121773
980,1855.545489,2818.222274,998.364489,3873.228558,1543.337496,1492.086535,515.122589,2049.340698,1813.61766,814.074775,1478.787297,764.087828,1471.295095,1313.146425,1293.166087,164.672854,860.28564,1758.33498,1685.71532,1533.76154,790.083936,2218.874358,654.199264,0.0,404.268319,1571.73061,1666.507585,1227.892332,1482.547542,567.019549,1159.293867,2288.697196,1906.81221,1612.621403,1508.13815,1454.89883,1207.021336,1949.674955,1685.140772,350.822808,1587.21347,507.498148,2289.565679,211.992188,1350.599276,1923.455767,2606.72374,2159.118008,894.241863,3045.196298,2145.277341,1631.1836,1231.00047,361.178419,2382.036093,2102.203751,2208.472527,2591.048229,1831.893944,2565.243021,1619.283606,2697.577059,2205.494912,1332.180223,3825.339394,677.242576,1183.063817,976.663525,2063.79307,1494.24378,1096.329179,384.514675,1988.752656,1125.234806,1043.676498,608.503158,1982.496742,906.701132,912.447371,1674.172607,2102.427114,701.905732,1088.57809,886.133976,873.743258,3259.292376,2576.263028,2190.586657,1434.1786,2901.903265,2343.033295,1813.287211,1259.937186,3974.909804,1859.098737,1663.800275,1402.392061,2131.377226,3828.930209,2829.375802,505.356266
1755,1865.281923,2856.406591,844.721138,3835.845334,1177.494382,1156.706369,283.428987,1824.111954,1776.234435,622.234225,1325.143947,610.444477,1135.914929,1049.669101,1215.102674,239.595465,849.788369,1768.071414,1328.252436,1496.378315,1194.352255,2303.46335,1058.467582,404.268319,0.0,1661.603088,1300.66447,1632.16065,1147.167376,674.059999,1461.172865,2298.43363,1540.969096,1718.563519,1142.295036,1180.602223,841.178222,1959.411389,1766.087104,742.588447,1549.830246,247.483843,2286.594005,224.8893,984.756162,2013.328244,2587.964017,2483.011711,713.145708,3007.813073,1885.968421,1265.340486,1077.357119,765.446737,2344.652868,2083.444028,2298.345005,2572.288506,1615.819232,2546.483298,1261.820722,2787.449537,2186.73519,1634.059221,3780.786652,979.121574,1292.098147,610.820411,2144.739402,1143.975741,1255.184281,760.736541,1622.909542,971.373913,780.199174,242.660044,2046.399864,1208.58013,546.604257,1435.953964,2112.163548,513.329242,934.934739,694.293425,681.902707,3221.909152,2660.85202,2230.250456,1736.057598,2864.52004,2406.936416,2137.180914,996.459862,4013.094121,1817.329764,1539.360817,1492.264539,1915.302514,3504.950172,2562.120502,551.379341
218,426.523114,1415.108007,1438.011239,3326.67996,1879.229478,1764.864921,1532.466152,2206.282013,1515.12548,1414.382811,1650.087836,1335.227692,1765.570015,1674.865,1367.509628,1736.403463,1050.664099,261.954864,1966.222001,1451.563855,1259.772117,851.847629,988.03471,1571.73061,1715.684148,0.0,1958.113278,1228.145062,1769.712069,1261.804391,1446.270154,799.704836,2198.417904,806.714653,1862.848312,1689.520096,1914.313236,520.65258,1265.553163,1381.180411,1488.394962,1496.521008,753.408803,1715.281482,1985.348402,854.885101,1141.752824,1146.166988,1405.330355,2828.055443,2248.059154,1922.789293,1321.741816,1309.483238,2219.727032,771.479008,965.295112,1216.614213,1995.699587,1074.309443,1899.790287,1629.173596,874.770169,1774.318155,3580.030658,1710.504947,827.251491,1985.232519,1532.889835,1781.408307,676.825359,1540.476526,2243.386977,1564.881556,1515.075225,1743.624062,548.084559,1678.212531,1856.094477,1908.793873,673.404739,1376.535802,1363.095359,1411.086395,1398.695677,2644.363043,1209.236299,697.065254,1698.239538,2684.76241,908.621111,800.336191,1711.668536,2571.795538,1760.280229,1581.60259,361.963645,2223.252138,3933.892433,2889.500176,1312.876207
2309,2368.401624,2567.973656,767.455639,2718.038106,123.170089,193.248358,1199.216573,544.732393,1060.399033,914.498268,457.308541,925.60337,206.311502,370.159051,727.820669,1501.834731,1078.673848,2209.198659,93.006178,787.04777,2247.531306,2114.429389,2111.646633,1666.507585,1300.66447,1958.113278,0.0,2685.339702,195.059055,1245.464889,2656.728767,2643.246237,315.214614,1314.496451,191.277099,375.834722,656.468722,2467.896375,1124.724991,1584.731539,820.794317,1206.876273,2321.256391,1468.15212,560.066748,1704.576366,2709.600412,3051.993859,820.312961,2030.456078,585.303951,35.323985,636.371462,1818.625789,1367.295873,2652.426176,2104.027559,2834.587353,490.257325,2743.047376,162.949881,1993.797176,2755.717338,2876.97211,2560.437443,2231.339498,1225.691384,884.532937,1449.800217,183.553784,1724.82803,1952.461332,359.185294,603.344142,633.930099,1137.672786,2014.187454,2454.606719,828.364623,156.574404,2615.283249,1037.291887,730.208405,871.147684,851.555961,2292.423037,2471.818059,2222.277369,2978.970487,1887.163045,2374.724006,2706.163062,417.669412,3275.115709,771.071553,709.498035,1757.67279,664.232476,2207.548273,1264.718604,1184.334932
236,1503.661583,2605.199986,1994.012994,4409.971375,2599.798057,2499.819641,1743.014921,3044.989203,2490.208591,1828.80691,2474.435802,1759.736332,2479.0282,2320.87953,2229.828543,1392.565186,1796.948096,1406.451075,2693.448425,2426.646966,714.430742,2052.256745,709.545803,1227.892332,1632.16065,1228.145062,2685.339702,0.0,2490.280648,1503.682005,218.125093,1921.119056,2925.644328,1817.453144,2583.41689,2450.547335,2423.407826,1444.220063,2245.560319,1158.236187,2463.478073,1735.39048,1965.262755,1439.88452,2540.768112,1993.164206,2161.230636,1607.81821,1889.890368,3857.970349,3140.925846,2650.015718,2183.945383,965.644961,3194.810144,1625.193953,2155.387091,2145.555125,2827.542449,2119.749917,2627.016711,2767.452701,1760.001809,762.808199,4638.113445,775.210993,1645.982437,2204.555857,2543.628327,2501.976885,1305.663306,1054.10493,3004.414215,2120.88331,2070.494936,1836.39549,1776.22962,707.3468,2140.339703,2669.821111,1734.848974,1697.554236,2084.226594,1895.646409,1883.25569,3727.654458,2409.645415,1908.919206,470.094477,3714.677316,2136.766173,1261.987413,2267.670291,3761.887516,2735.36334,2556.685702,1500.24275,3127.025731,4824.578714,3825.024307,1515.814842
2082,2180.000415,2547.240821,572.396585,2872.333008,109.51741,24.933495,1007.278005,699.027295,1039.666198,719.439213,494.319291,730.544316,11.252448,175.099996,584.843547,1348.337637,883.614794,2020.797451,203.167778,766.314936,2052.472252,2012.743432,1916.587579,1482.547542,1147.167376,1769.712069,195.059055,2490.280648,0.0,1050.405834,2461.669712,2454.845029,435.363681,1219.81903,93.136243,187.433514,513.58013,2279.495167,1103.992156,1389.672484,800.061482,1043.223149,2132.855183,1292.921139,417.178157,1669.350463,2521.199203,2863.592651,625.253906,2184.75098,780.363005,159.735071,447.970253,1623.566734,1521.590775,2464.024967,2002.341601,2646.186145,644.552227,2554.646167,136.736064,2093.091566,2567.316129,2681.913055,2714.732346,2036.280443,1037.290175,741.644346,1429.067382,11.696238,1536.426821,1757.402277,517.304127,408.285088,438.871045,993.769108,1825.786246,2259.547664,674.867529,310.869306,2426.882041,842.232833,535.149351,676.088629,656.496907,2446.717939,2370.132102,2033.87616,2783.911433,2041.457947,2186.322798,2517.761854,222.610357,3429.410611,925.366455,708.536161,1569.271581,818.527378,2399.344756,1456.515087,989.275877
800,1576.239047,2463.092108,554.13818,3356.317012,1159.923243,1059.944827,390.631013,1605.11439,1296.706114,388.932097,1034.560989,319.861519,1039.153387,881.004717,776.254541,657.462903,343.374094,1479.028538,1253.573612,1016.849994,1065.873609,1863.744192,905.288754,567.019549,674.059999,1261.804391,1245.464889,1503.682005,1050.405834,0.0,1475.07107,2009.390755,1485.769515,1108.047004,1143.542077,1010.672521,983.533013,1670.368514,1155.57059,403.073842,1070.301924,426.576156,1934.435514,525.085933,1100.893299,1557.578438,2298.921141,2193.968836,450.015555,2528.284752,1701.051033,1210.140905,730.371381,636.968092,1865.124547,1794.401153,1853.342361,2283.245631,1387.667636,2257.440423,1187.141898,2252.300248,1897.692314,1695.314413,3308.427848,1049.6818,681.581632,856.433941,1534.222887,1062.102072,654.856745,770.803635,1564.539402,681.008497,630.620123,701.999913,1627.366576,1272.949022,792.217787,1229.946298,1823.120673,257.679423,630.994704,455.771595,443.380877,2742.38083,2221.132862,1835.456491,1797.31279,2384.991718,1987.903129,1848.138039,827.795478,3619.779638,1342.187191,1146.888729,1047.261895,1687.150918,3384.703901,2385.149493,122.680658
237,1680.069626,2823.325078,1965.402058,4381.36044,2571.187121,2471.208705,1614.918897,3016.378268,2461.597656,1800.195975,2445.824867,1731.125397,2450.417265,2292.268595,2201.217608,1237.191426,1768.33716,1609.631393,2664.83749,2398.036031,496.30565,2270.381837,680.934868,1159.293867,1461.172865,1446.270154,2656.728767,218.125093,2461.669712,1475.07107,0.0,1995.259687,2897.033393,1788.842209,2554.805955,2421.936399,2263.925882,1518.360695,2216.949384,1129.625251,2434.867138,1607.294456,2062.442627,1311.788495,2407.503822,2002.422111,2235.371267,1681.958841,1861.279433,3829.359413,3112.314911,2621.404783,2155.334448,863.495434,3166.199208,1699.334585,2287.438871,2219.695757,2798.931514,2193.890549,2598.405776,2776.543403,1834.14244,544.683107,4609.50251,557.085901,1617.371502,2033.568072,2515.017392,2473.36595,1277.052371,835.979838,2975.80328,2092.272375,2041.884001,1665.407704,1994.354713,489.221708,1969.351918,2641.210176,1808.989605,1668.943301,2055.615659,1867.035473,1854.644755,3699.043523,2627.770507,2016.449915,544.235108,3686.06638,2268.310104,1336.128044,2239.059356,3980.012608,2706.752405,2528.074766,1481.358405,3098.414796,4795.967779,3796.413372,1487.203907
21919,433.151708,1355.983191,2179.302054,3595.175668,2564.362438,2449.99788,2169.324377,2785.791553,2054.322949,2200.615982,2335.220795,2121.460863,2450.702974,2359.99796,2052.642587,2453.370049,1836.897271,597.719958,2651.35496,2136.696815,1968.440346,776.873381,1696.702939,2288.697196,2352.542373,799.704836,2643.246237,1923.56173,2454.845029,2027.935151,1997.702362,0.0,2883.550863,1491.847612,2547.981271,2374.653055,2700.546407,654.255976,1798.94501,2145.18755,2142.371501,2133.379233,321.989846,2451.244052,2771.581573,1371.771592,458.189781,598.545476,2191.563526,3112.929687,2787.256623,2607.922253,2006.874776,2026.449824,2758.924501,369.125354,1164.96701,525.919551,2675.704488,378.602112,2584.923246,2035.330291,285.436916,2482.986384,3864.904902,2427.471533,1613.484662,2622.090743,2066.281683,2466.541266,1440.832498,2257.443112,2928.519936,2272.606633,2301.308397,2380.482287,680.203855,2386.88076,2557.87459,2593.926832,186.270082,2162.768973,2082.325521,2197.319566,2184.928848,2912.858751,1094.085035,506.046192,2249.671746,2969.636654,505.561871,732.331894,2408.608698,2788.920751,2337.176727,2266.73555,1156.906708,2762.449607,4218.766677,3428.697645,2076.883346
2801,2608.706249,2736.81327,1007.760265,2554.830501,363.474714,433.552983,1439.521199,589.110027,1229.238648,1154.802894,626.148156,1165.907996,446.616128,610.463677,896.660284,1742.139357,1318.978474,2449.503285,408.220792,955.887385,2487.835932,2283.269004,2351.951259,1906.81221,1540.969096,2198.417904,315.214614,2925.644328,435.363681,1485.769515,2897.033393,2883.550863,0.0,1483.336066,428.618093,616.139348,822.292668,2708.201001,1293.564606,1825.036164,989.633931,1447.180899,2561.561017,1708.456746,667.205781,1873.415981,2949.905037,3292.298485,1060.617586,1884.896472,616.727867,310.298964,876.676088,2058.930414,1536.135488,2892.730802,2272.867173,3074.891979,571.823442,2983.352001,448.362901,2162.636791,2996.021963,3117.276736,2437.285335,2471.644123,1465.996009,1124.837563,1618.639832,423.85841,1965.132655,2192.765958,81.940447,843.648768,874.234725,1377.977412,2254.49208,2694.911345,1068.669249,325.414018,2855.587875,1277.596513,970.513031,1111.452309,1091.860587,2461.262652,2640.657674,2462.581995,3219.275113,1839.951246,2615.028632,2946.467688,657.974037,3443.955324,939.911168,878.33765,1997.977416,703.533893,1963.981076,1021.151406,1424.639557
