,21930,681,2264,866,2083,1305,371,1762,1581,87113,21852,350,86208,2619,1293,335,1266,1211,1678,553,2007,2020,2049,21860,947,1012,1338,21788,21902,1431,403,4177,1427,2374,21921,930,623,274,2415,1164,2110,876,21961,2360,1928,2008,943,229,441,21876,1014,63,1522,283,2050,928,332,132,493,2024,21937,738,80439,256,2453,1161,2041,1109,2009,891,217,887,340,2109,1403,21812,1850,289,459,758,252,2308,1547,2616,609,21971,1690,1657,1884,913,1485,1423,1763,2313,1449,946,407,1605,929,22076,622
21930,0.0,1712.035842,2658.273758,1521.968513,2175.153266,2320.338744,2152.372994,2130.569409,2359.336397,2282.526823,713.303041,2103.504796,2778.238796,2629.61541,1806.207462,1217.002999,1688.309155,1968.093001,1745.892726,1586.396182,1947.330579,2091.980837,2257.547899,313.153475,2050.603314,1536.867208,3740.849289,1438.852416,363.317972,2999.449848,1204.535512,3899.673597,1768.23377,2193.102635,437.898067,1560.421176,2371.874326,1484.230309,2101.272564,1763.099775,2191.696653,1940.044879,221.104269,2165.637318,2023.368985,2546.69666,1777.797973,2482.744793,1296.848784,709.055831,1501.866654,1760.772558,1897.513482,1035.377019,2200.335729,1472.436936,1305.183132,2664.865139,1349.906932,2319.082219,246.881626,1707.019341,2274.355765,654.43052,2428.838661,2135.318759,2143.250485,1991.890936,2551.140388,1821.025509,289.918628,1914.931462,2163.966039,2198.038482,2202.312377,781.723154,1824.75117,771.83649,2246.396628,2808.327842,788.486759,2351.961293,2560.382487,2619.046337,1926.530892,381.903945,1868.156689,2050.754303,2052.970078,2016.629591,2275.071476,1917.963019,2085.326172,2416.449453,2279.807561,2002.401238,1552.752981,2380.40964,1465.430765,462.384307,2336.099646
681,1693.491446,0.0,2058.241952,525.588882,1399.211477,1875.171694,1386.678709,1380.700138,1891.579445,1384.256907,2310.195766,1435.546907,2028.369525,1931.152147,1051.863511,1288.401368,659.128169,463.370321,681.778938,1364.052293,803.177715,1055.784362,1481.60611,1849.273706,1575.187769,648.35207,3661.393687,2627.672074,2017.505399,2891.826364,507.500331,3514.876207,809.971091,1248.507598,2105.099886,775.64248,2580.57363,1981.197315,1033.943788,551.094192,1401.368722,1487.557447,1787.620913,1098.308542,1096.062684,1874.50734,1129.22038,2215.391183,1012.982325,2319.462761,710.227062,1905.687133,1181.04716,1033.37793,1424.393939,687.65824,556.874864,3784.359605,591.844621,1569.212948,1940.373072,202.296661,1490.68568,1057.605323,1645.168576,1659.903214,1245.562613,1499.854568,1951.108581,1328.98914,1517.784896,1306.349987,1447.599215,1407.710551,1726.896832,2047.547631,743.016117,1081.070982,2438.551298,2852.216372,1211.841862,1568.291208,2109.272659,1880.34246,646.746798,1686.851004,969.886773,1321.099512,1220.271366,1541.214046,1799.655931,1020.275147,1335.456902,1666.580183,1834.64051,1526.985693,1586.678137,1912.652688,680.652069,1308.971935,2175.231949
2264,2665.364868,2058.241952,0.0,1633.829398,826.843529,426.876299,3324.194019,677.541814,342.044446,1094.620775,2571.348379,3373.062217,552.324208,378.321197,1061.39674,1448.36187,1399.113783,2050.654097,1766.485542,1078.968686,1771.267958,1358.042959,796.498459,2423.680414,709.907253,1547.606078,1934.719772,2368.852367,2740.534324,1435.404854,2062.312894,1507.359931,1254.519497,1241.202978,3009.04089,1383.775801,1415.201786,1468.591488,1607.928906,1581.643113,817.148956,744.70256,2764.85962,1361.090421,1217.739188,183.734612,1060.27527,4152.906493,1430.038653,2870.134936,1485.731085,3906.301061,910.597741,3033.991859,831.939646,1471.760041,2557.488793,2874.612732,1875.190981,581.900795,2880.97771,2139.811971,749.338566,2057.76625,579.309231,530.613593,1003.44016,719.833392,107.133371,861.527667,2391.681007,949.970491,3385.114525,810.61616,524.831573,2090.606445,1762.48766,1986.635157,1273.179454,1574.482805,2054.636034,650.035503,421.803051,386.322169,2584.262108,2790.855339,1208.252263,758.863231,960.677821,699.938903,422.576149,1069.004416,735.383138,511.635748,378.466198,666.144156,1229.405214,277.864119,1522.166974,2239.803743,1121.732806
866,1521.968513,525.588882,1633.829398,0.0,983.555557,1349.582812,1791.540949,956.287585,1365.990563,968.600987,2052.698457,1840.409147,1603.956971,1506.739593,572.817019,1015.129663,243.472249,638.004452,596.982982,945.509553,798.420836,640.128442,1065.95019,1614.946587,1049.598887,122.763188,3135.804805,2370.174766,1783.17828,2366.237482,549.578331,3090.463653,394.315171,832.851678,1959.86658,250.053598,2093.039514,1701.10389,805.523425,308.178327,985.712802,961.968565,1616.09798,861.487027,680.406765,1450.094787,603.631498,2620.253424,678.462264,2176.179561,184.63818,2373.647992,723.231658,1501.338789,1008.738019,162.069358,1024.835723,3526.862297,418.498384,1144.800394,1768.850139,607.158901,1075.029761,867.537994,1229.512657,1134.314332,829.906693,974.265686,1526.696028,803.400258,1305.491535,780.761105,1852.461455,992.054631,1201.30795,1790.050322,675.841427,823.573673,1951.017181,2326.62749,954.344553,1152.635289,1583.683777,1455.929906,1051.609039,1642.093699,554.230853,876.472478,804.615447,1015.625164,1274.067049,604.619227,911.044348,1242.167629,1309.051629,1001.396811,1190.909721,1387.063806,155.063187,1118.904606,1687.697832
2083,2175.153266,1399.211477,826.843529,983.555557,0.0,971.740224,2665.163544,300.347502,833.96116,343.070506,2339.188319,2714.031742,640.056903,607.978226,428.438783,1214.971881,740.083309,1379.539022,988.932269,919.523283,1003.3081,553.815599,82.394633,1933.468812,947.134339,895.102061,2712.921648,2542.393672,2250.322723,2193.516057,1423.200926,2188.439715,595.489022,489.652708,2613.051333,739.477386,1968.188968,1743.753247,856.378636,922.612638,36.629733,864.926537,2274.648018,609.540152,413.511828,737.709585,579.996398,3493.876018,878.304483,2613.062834,833.227068,3247.270586,277.639784,2374.961384,25.182463,824.462414,1898.458318,3427.599914,1253.251674,309.058608,2422.034892,1480.781496,99.202499,1558.345461,253.685396,892.90881,199.212799,703.689012,814.310826,727.033341,1901.469406,626.944826,2726.08405,36.909002,750.801341,2027.119756,984.934387,1496.423556,1826.166636,2153.906065,1564.424433,176.808027,1051.654373,557.168539,1925.231633,2300.643738,448.410038,278.584358,184.638989,913.160616,772.529912,417.824081,242.506179,315.207782,870.382912,898.932264,1246.871647,855.034403,869.662957,1749.592142,1608.313802
1305,2327.429854,1875.171694,425.894049,1349.582812,971.740224,0.0,3141.123761,674.664857,137.779065,1209.455264,2233.413364,3169.701186,890.635203,716.632192,962.284627,1110.426856,1333.404619,1959.526101,1765.749378,741.033672,1819.629948,1370.137446,919.697618,2085.7454,384.259166,1311.953407,2022.818196,1972.398463,2402.59931,1253.250873,1724.377879,1920.774902,1203.903127,1324.7718,2671.105875,1099.529215,1027.923785,1072.137585,1691.497728,1515.933948,962.04565,429.357447,2426.924605,1444.659244,1229.833675,382.917601,824.979031,3969.836235,1092.103639,2532.199922,1276.952853,3639.675565,870.89499,2767.366362,976.83634,1187.513455,2347.603181,2487.334731,1537.255967,662.681616,2543.042696,1956.741713,872.537725,1719.831236,834.207593,215.268481,1015.534646,404.488279,362.410417,546.182554,2053.745993,634.625378,3202.044267,955.512855,299.273749,1752.671431,1761.751495,1648.700143,885.901452,1213.640881,1716.70102,835.69635,244.418826,724.633165,2401.19185,2452.920325,1205.375306,755.986273,957.800864,374.290815,251.770088,1065.509071,732.506181,760.048851,138.447105,350.799043,891.4702,201.959392,1240.516964,1901.868729,725.278903
371,2152.372994,1386.678709,3324.194019,1791.540949,2665.163544,3141.123761,0.0,2646.652206,3157.531512,2495.084932,2835.468796,48.868198,3294.321592,3197.104214,2317.815578,2143.797909,1925.080236,1355.827973,1788.091189,2477.535713,1808.891856,2249.895848,2747.558177,2346.409865,2841.139836,1914.304137,4927.345754,3252.144318,2506.594169,4157.778431,1494.191505,4780.828274,2075.923158,2333.11797,2571.258067,2041.594547,3577.28095,2605.669558,2089.385751,1817.046259,2667.320789,2753.509514,2165.582119,2153.750506,2362.014751,3140.459407,2395.172447,1043.57136,2126.465746,2785.620942,1976.179129,957.781733,2446.999227,1323.692928,2690.346006,1953.610307,927.706088,4408.831849,1765.568985,2835.165015,2399.254619,1244.710088,2756.637747,1682.077566,2911.120644,2925.855281,2511.51468,2765.806635,3217.060648,2594.941207,2013.460958,2572.302054,142.933807,2673.662618,2992.848899,2672.019874,1748.730259,1705.543225,3435.258618,4013.734467,1836.314105,2834.243275,3375.224726,3146.294527,759.972982,1972.159381,2235.83884,2587.051579,2486.223433,2807.166113,3065.607998,2286.227214,2601.408969,2932.53225,3100.592577,2792.93776,2492.444623,3178.604755,1946.604136,1802.263294,3288.715369
1762,2130.569409,1380.700138,677.541814,956.287585,300.347502,674.664857,2646.652206,0.0,536.885792,534.790408,2294.604462,2695.520403,647.669387,550.452009,383.854926,1091.653526,721.57197,1373.112284,1091.084522,722.260342,1144.965092,695.47259,334.690807,1888.884955,749.871398,870.064264,2511.201568,2345.130731,2205.738866,1896.440689,1404.689587,2134.176069,576.977683,650.106944,2568.467476,706.233988,1671.113601,1546.490306,1016.832872,904.101299,316.890889,667.663596,2230.064161,769.994388,555.168819,493.807202,382.733457,3475.36468,833.720626,2568.478977,808.189272,3228.759248,233.055927,2356.450045,307.757215,794.218227,1879.946979,3130.524546,1208.667817,188.51281,2377.451035,1462.270157,398.368919,1513.761604,360.038786,604.198776,340.86979,505.688335,570.408443,529.7704,1856.885549,429.681885,2707.572711,323.232718,453.725973,1910.809937,1087.086639,1451.839699,1529.091268,1856.830697,1519.840576,361.527543,754.579006,499.642322,1906.720295,2256.059881,530.71045,81.321417,283.136008,715.897675,475.454545,391.462603,57.841324,285.880045,573.307544,666.366515,1049.608706,557.959035,844.625161,1705.008285,1377.644621
1581,2366.427506,1891.579445,342.044446,1365.990563,833.96116,137.779065,3157.531512,536.885792,0.0,1071.6762,2272.411017,3206.39971,752.856138,578.853128,883.446948,1149.424508,1254.56694,1906.107254,1627.970313,780.031324,1681.850883,1232.358381,781.918554,2124.743052,410.969891,1328.361159,2129.12222,2087.87839,2441.596962,1359.554898,1763.375532,1849.404377,1113.863475,1186.992735,2710.103528,1115.936966,1134.227809,1187.617511,1553.718663,1437.096269,824.266586,445.765198,2465.922258,1306.880179,1092.05461,255.418259,822.445678,3986.243986,1131.101292,2571.197575,1278.196623,3678.673217,761.648127,2806.364015,839.057276,1203.921206,2386.600834,2593.638755,1576.253619,524.902552,2582.040348,1973.149464,734.758661,1758.828889,696.428528,231.676232,877.755582,420.89603,234.911075,562.590305,2092.743646,651.033129,3218.452018,817.73379,225.894212,1791.669083,1623.972431,1687.697796,992.205477,1319.944906,1755.698672,697.917285,217.693214,586.8541,2417.599601,2491.917977,1067.596242,618.207209,820.0218,401.001541,124.184257,928.348394,594.727116,622.269786,79.528836,367.206794,930.467852,64.180327,1256.924716,1940.866382,840.758829
87113,2282.526823,1384.256907,1094.620775,968.600987,343.070506,1209.455264,2495.084932,534.790408,1071.6762,0.0,2573.631225,2543.95313,907.834149,875.755472,620.395077,1449.414787,725.128738,1190.127246,761.079019,1153.966189,765.861435,371.950567,419.997865,2167.911718,1181.577245,880.729535,3000.178137,2776.836578,2484.765628,2431.231097,1408.246355,2456.216961,574.285816,194.980546,2720.424889,838.064447,2205.904008,1978.196153,602.522382,907.658067,306.52524,1099.369443,2376.656289,355.683898,293.624488,1024.966073,814.439304,3323.797406,1112.747389,2847.50574,818.854542,3163.661915,512.08269,2360.006813,362.785694,810.089888,1883.503747,3665.314954,1269.304086,596.315097,2529.408449,1443.222381,386.458988,1628.096303,521.462641,1127.351716,272.513573,938.131918,1101.567314,961.476247,2066.049845,861.387732,2556.005437,320.780577,988.516381,2261.562661,757.081137,1584.131983,2063.881676,2391.621105,1714.902863,444.585273,1289.369413,824.945785,1735.11195,2402.652009,414.370134,513.027264,333.425625,1147.603522,1010.244953,508.819558,476.949084,582.985028,1108.097952,1133.375169,1481.314553,1092.749443,855.290431,1879.462916,1842.756707
21852,713.303041,2310.195766,2571.348379,2052.698457,2339.188319,2233.413364,2835.468796,2294.604462,2272.411017,2573.631225,0.0,2786.600598,2879.122701,2676.406354,1970.242515,1381.038052,2219.039099,2613.293478,2411.086532,1736.698933,2612.524386,2622.514958,2421.582952,490.568424,1994.285854,2067.597152,3579.243219,899.393143,470.031499,2837.843778,1802.695435,3738.067527,2236.02606,2660.894925,588.876616,1975.695578,2210.268256,1397.30493,2766.46637,2293.829719,2355.731706,1882.625562,915.390758,2780.782369,2491.161276,2484.722192,1941.833026,3086.612424,1460.883837,470.244663,2032.596598,2364.640189,2061.548536,1650.898349,2364.370782,2003.16688,1988.278934,2503.259069,1880.636876,2457.820392,561.54122,2352.219817,2438.390818,1298.478521,2592.873714,2081.61434,2379.710607,2048.569878,2464.215008,1903.920855,838.298948,2001.114552,2847.061841,2362.073535,2161.014917,572.530767,2489.944977,1320.21681,2084.790558,2646.721773,1199.273912,2515.996346,2473.457108,2684.407326,2571.731368,1064.999747,2335.948979,2214.789356,2249.188399,1960.312131,2221.367058,2161.797072,2249.361225,2555.187627,2192.882181,1946.083778,1465.827602,2293.48426,1996.160709,1049.496611,2249.174266
350,2103.504796,1435.546907,3373.062217,1840.409147,2714.031742,3169.701186,48.868198,2695.520403,3206.39971,2543.95313,2786.600598,0.0,3343.18979,3245.972411,2366.683776,2094.929712,1973.948434,1404.696171,1836.959386,2428.667515,1857.760054,2298.764046,2796.426375,2297.541667,2890.008034,1963.172334,4915.590013,3203.27612,2457.725971,4146.02269,1445.323307,4829.696472,2124.791355,2381.986167,2522.389869,2090.462744,3528.412752,2556.801361,2138.253949,1865.914457,2716.188986,2782.316212,2116.713921,2202.618703,2410.882949,3189.327605,2444.040645,994.703163,2077.597548,2736.752745,2025.047327,908.913535,2495.867425,1274.82473,2739.214204,2002.478505,878.837891,4359.963651,1716.700788,2884.033213,2350.386422,1293.578286,2805.505945,1633.209369,2959.988841,2974.723478,2560.382878,2814.674832,3265.928846,2643.809405,1964.59276,2621.170252,94.065609,2722.530816,3041.717097,2623.151677,1797.598456,1656.675027,3386.39042,3964.866269,1787.445907,2883.111473,3409.74493,3195.162725,808.84118,1923.291184,2284.707037,2635.919777,2535.091631,2856.034311,3114.476196,2335.095412,2650.277166,2981.400447,3129.170003,2841.805958,2443.576425,3227.472953,1995.472334,1753.395097,3239.847172
86208,2778.238796,2028.369525,552.324208,1603.956971,640.056903,890.635203,3294.321592,647.669387,752.856138,907.834149,2879.122701,3343.18979,0.0,202.716348,1031.524313,1606.068396,1369.241356,2008.747142,1579.698915,1236.675212,1584.481331,1171.256333,672.591115,2536.554342,1010.471268,1517.733651,2242.534403,2746.351968,2853.408252,1706.948654,2052.358974,1560.1358,1224.64707,1054.416351,3216.136862,1353.903374,1887.083947,1940.473649,1421.142279,1551.770686,630.362329,1011.597327,2877.733547,1174.303795,1030.952561,516.908132,1030.402843,4123.034066,1481.390012,3177.909259,1455.858658,3876.428634,880.725314,3004.119432,645.153019,1441.887614,2527.616366,3304.400766,1856.337204,459.156577,3025.120421,2109.939544,619.143953,2161.43099,429.462825,831.177608,816.653533,886.232798,593.509373,1027.927073,2504.554935,996.111826,3355.242098,623.829533,741.245438,2398.380768,1575.701033,2099.509085,1745.061615,1862.489776,2167.509962,500.189097,894.752485,255.446105,2553.731847,2903.729267,1080.738644,728.990804,816.967596,1000.502917,691.424891,1039.131989,705.510711,361.789343,789.277891,933.038923,1537.179537,706.790528,1492.294547,2352.677671,1593.614967
2619,2629.61541,1931.152147,378.321197,1506.739593,607.978226,716.632192,3197.104214,550.452009,578.853128,875.755472,2676.406354,3245.972411,202.716348,0.0,934.306934,1412.612412,1272.023978,1923.564292,1547.620238,1043.219228,1552.402654,1139.177656,603.572217,2387.930956,816.739215,1420.516273,2275.78426,2543.635621,2704.784866,1740.198511,1955.141595,1593.385656,1127.429691,1022.337674,3067.513477,1256.685996,1713.080937,1744.995196,1389.063602,1454.553307,598.283652,808.88098,2729.110162,1142.225118,998.873885,342.905122,933.185465,4025.816688,1384.172634,2975.192911,1358.64128,3779.211256,783.507935,2906.902053,613.074342,1344.670235,2430.398987,3172.491882,1759.119825,390.137679,2876.497036,2012.722165,556.412324,2022.016793,360.443927,657.174598,784.574856,683.51645,419.506363,825.210725,2355.93155,882.459118,3258.024719,591.750857,538.52909,2195.66442,1543.622356,1950.8857,1571.058604,1895.739633,2018.886577,431.170199,720.749475,52.729758,2457.172303,2755.105881,1048.659967,631.773425,784.888919,826.499907,517.421881,941.914611,608.293332,292.770445,615.27488,730.322576,1334.463189,532.787518,1395.077169,2204.054286,1419.611957
1293,1806.207462,1051.863511,1061.39674,572.817019,428.438783,962.284627,2317.815578,383.854926,883.446948,620.395077,1970.242515,2366.683776,1031.524313,934.306934,0.0,846.026077,392.735343,1044.275657,829.681879,671.932568,1031.119733,722.94198,510.833416,1564.523008,776.021902,486.593699,2862.22782,2238.298395,1881.376918,2092.660497,1075.85296,2518.030995,342.570683,728.191192,2244.105528,322.763422,1819.462529,1509.030825,1038.222322,575.264672,444.98217,688.39158,1905.702214,848.078636,573.830908,877.662128,278.89449,3146.528053,509.358679,2244.11703,424.718706,2899.922621,150.798999,2027.613418,453.621245,410.747662,1551.110352,3278.873475,838.941581,572.367736,2053.089088,1133.43353,527.641282,1166.464583,682.124178,747.016147,422.270455,557.796348,954.263369,529.823274,1532.523602,481.052162,2378.736084,451.323999,734.630749,1658.173951,908.540324,1122.500263,1677.440196,2053.050505,1195.478628,605.24681,1101.140161,883.497248,1577.883668,1931.697933,436.376001,304.03982,291.567954,742.048179,822.0157,204.176627,338.611689,669.73497,919.171421,727.819827,1008.774214,904.520191,461.154595,1380.646338,1414.120848
335,1217.002999,1288.401368,1448.36187,1015.129663,1214.971881,1110.426856,2143.797909,1091.653526,1149.424508,1449.414787,1381.038052,2094.929712,1606.068396,1412.612412,846.026077,0.0,1143.239625,1586.087049,1545.065579,369.393184,1746.503433,1498.29852,1297.366514,975.318545,833.600316,1030.028358,2856.315682,1649.093931,1292.172455,2086.748359,907.693284,2955.721801,1111.809622,1536.678487,1654.901065,851.47914,1561.685276,894.244881,1753.606022,1256.260924,1231.515268,723.041881,1316.49775,1656.565931,1366.944838,1329.693662,722.4308,2908.556762,336.667399,1654.912566,995.027804,2564.90409,937.332098,1692.594887,1240.154344,939.463379,1272.831707,2805.781462,843.068082,1157.922048,1463.884624,1464.095256,1314.17438,609.404381,1329.448024,918.315761,1255.494169,774.887938,1341.228499,604.022511,943.319138,701.216208,2155.390954,1237.857097,985.309379,1068.969488,1623.924024,538.273288,1419.662943,1998.138792,606.274165,1330.936781,1350.470599,1402.043339,1780.861269,1342.49347,1211.732541,1010.33211,1124.971961,799.626593,1058.068478,1037.580634,1046.410289,1255.289282,1069.895672,785.39824,383.221535,1170.497751,958.591915,791.441874,1180.572841
1266,1688.309155,659.128169,1399.113783,243.472249,740.083309,1333.404619,1925.080236,721.57197,1254.56694,725.128738,2219.039099,1973.948434,1369.241356,1272.023978,392.735343,1143.239625,0.0,651.540315,436.946537,987.216441,638.384391,456.707566,822.477941,1781.287229,1091.305776,248.317494,3177.511693,2535.511943,1949.518922,2407.94437,683.117618,2855.748038,150.842922,635.70455,2126.207222,355.201397,2134.746402,1824.314698,645.48698,182.52933,742.240553,1003.675453,1782.438622,678.066151,436.934516,1215.379172,604.658198,2753.79271,806.572227,2342.520203,186.442501,2507.187278,521.918991,1634.878076,765.265771,275.8819,1158.37501,3594.157348,594.923568,910.084779,1935.190781,740.698188,831.557512,1033.878636,986.040408,1118.136139,586.434445,928.91634,1291.980413,845.107147,1471.832177,822.467993,1986.000742,748.582382,1105.750741,1955.387499,515.804982,989.914315,1992.72407,2368.334378,1120.685195,909.16304,1472.260153,1221.214291,1185.148325,1808.434341,310.758604,661.971344,561.143198,1057.332052,1193.135692,361.146978,676.328733,1007.452014,1290.291413,1043.1037,1319.019683,1275.640183,222.87839,1285.245248,1729.404721
1211,1968.093001,463.370321,2050.654097,638.004452,1379.539022,1959.526101,1355.827973,1373.112284,1906.107254,1190.127246,2613.293478,1404.696171,2008.747142,1923.564292,1044.275657,1586.087049,651.540315,0.0,432.263216,1539.241263,509.592368,913.793427,1461.933655,2152.371419,1659.542176,651.102714,3745.748094,2930.769787,2320.603111,2976.180771,832.00488,3507.288353,802.383236,1028.160284,2405.991068,859.996886,2702.982802,2272.061276,784.428066,513.886196,1381.696267,1571.911854,2062.222468,848.79282,1039.858796,1866.919486,1213.574787,2184.540448,1249.41965,2622.560473,712.977706,2024.404957,1173.459306,1215.581589,1404.721485,772.012647,739.078523,4087.457317,846.511344,1561.625094,2214.974627,261.073661,1471.013226,1360.703035,1622.375635,1744.25762,1212.049544,1580.456654,1943.520727,1413.343547,1820.882608,1390.704394,1416.748479,1388.038096,1757.291056,2350.645343,449.43077,1384.168694,2560.96047,2936.570779,1514.939574,1545.498267,2123.800467,1872.754605,595.854992,1869.054663,931.128985,1313.511658,1200.598912,1625.568453,1844.676007,1012.687293,1327.869047,1658.992328,1918.994917,1611.3401,1761.867107,1927.180497,722.539157,1612.069648,2297.641121
1678,1691.783983,681.778938,1766.485542,596.982982,988.932269,1765.749378,1788.091189,1091.084522,1627.970313,761.079019,2334.590696,1836.959386,1579.698915,1547.620238,829.681879,1545.065579,436.946537,432.263216,0.0,1424.162977,201.437854,515.889936,1071.326902,1847.566243,1528.252312,602.117516,3602.286089,2682.908651,2015.797935,2844.890907,817.077528,3128.081727,578.951645,599.112057,2103.392422,755.592976,2571.692938,2088.122052,355.379839,357.455887,976.201641,1440.62199,1785.913449,419.744593,662.495898,1584.891724,1041.604734,2616.803663,1208.398181,2317.755298,578.169338,2456.668172,937.652438,1647.844804,1014.114731,667.608736,1171.341738,3839.596181,831.583992,1268.179863,1938.665608,693.336876,1058.323755,1164.53006,1193.327408,1555.082675,789.71947,1365.862877,1661.492965,1282.053683,1624.709633,1259.41453,1849.011694,982.54347,1542.697278,2149.188882,78.858445,1187.995719,2429.670606,2805.280915,1318.766599,1116.45004,1845.663527,1496.810552,1028.118207,1811.909169,601.698611,1031.483895,871.168537,1494.278589,1566.539066,792.87335,1045.841285,1254.849794,1664.392066,1480.050236,1720.845637,1649.043556,614.605227,1415.896673,2166.351257
553,1586.396182,1364.052293,1078.968686,945.509553,919.523283,741.033672,2477.535713,722.260342,780.031324,1153.966189,1736.698933,2428.667515,1236.675212,1043.219228,671.932568,369.393184,987.216441,1539.241263,1424.162977,0.0,1625.600831,1314.648371,953.866588,1344.711728,464.207132,907.880148,2486.922498,1703.590363,1661.565639,1717.355175,983.344208,2586.328617,955.786438,1269.282725,2024.294249,695.455956,1233.87271,904.949938,1632.70342,1169.74577,936.06667,353.648697,1685.890934,1389.170169,1174.3446,960.300478,421.29965,3242.294565,351.069968,2024.30575,872.879594,2898.641894,682.240983,2026.332691,926.932996,783.440195,1606.56951,2693.283656,796.222295,788.528864,1833.277808,1508.395712,998.384973,978.797565,960.05484,548.922577,960.045571,405.494754,971.835315,234.629327,1312.712322,331.823024,2489.128758,942.408499,615.916196,1255.957,1503.021422,907.666472,1091.850378,1648.609826,975.667349,961.543597,981.077415,1032.650155,1945.216176,1711.886654,1052.490476,640.938926,902.311789,430.233409,688.675294,863.487125,677.017105,885.896099,700.502488,416.005056,394.755769,801.104567,836.443705,1160.835058,828.531029
2007,1893.221837,803.177715,1771.267958,798.420836,1003.3081,1819.629948,1808.891856,1144.965092,1681.850883,765.861435,2536.02855,1857.760054,1584.481331,1552.402654,1031.119733,1746.503433,638.384391,509.592368,201.437854,1625.600831,0.0,530.265767,1085.702733,2049.004097,1725.630507,803.55537,3656.166659,2884.346505,2217.235789,3041.40578,1018.515382,3132.864143,715.213742,603.894472,2304.830276,957.03083,2773.130792,2289.559906,345.812783,558.893741,983.172423,1642.059844,1987.351303,410.177537,676.871729,1638.772293,1243.042588,2637.604331,1409.836035,2519.193151,779.607192,2477.46884,1022.807341,1711.537233,1028.490563,869.04659,1235.034167,4041.034035,1033.021846,1272.962279,2140.103462,757.029306,1063.10617,1365.967914,1198.109824,1671.404978,804.095302,1482.18518,1715.373534,1483.491537,1826.147487,1405.440994,1869.812362,996.919301,1598.691064,2350.626736,135.022161,1389.433573,2631.10846,3001.795788,1520.204453,1121.232456,1899.544097,1501.592967,1048.918875,2013.347023,686.853514,1116.638799,936.079887,1691.656784,1620.419636,878.028253,1087.123768,1259.63221,1718.272635,1677.428431,1922.283491,1702.924126,816.043081,1617.334527,2367.789111
2020,2091.980837,1055.784362,1358.042959,640.128442,553.815599,1370.137446,2249.895848,695.47259,1232.358381,371.950567,2622.514958,2298.764046,1171.256333,1139.177656,722.94198,1498.29852,456.707566,913.793427,515.889936,1314.648371,530.265767,0.0,636.210232,2184.958911,1342.259427,645.262976,3206.674157,2890.570838,2353.190603,2591.913279,1079.773811,2719.639145,389.309889,240.02257,2529.878903,710.260292,2366.58619,2138.878335,431.475371,579.185523,541.08497,1260.051624,2186.110303,268.657919,227.379227,1189.279792,959.717093,3078.608323,1161.631121,2746.191884,590.114183,2903.843472,663.844344,2031.534269,578.998061,679.553582,1555.031203,3825.997136,991.579761,840.258038,2338.862462,1137.354381,630.401929,1437.550317,784.884825,1288.033898,354.6028,1098.814099,1265.881033,1122.158428,1875.503859,1022.069913,2310.816354,547.4268,1149.198563,2310.446394,511.892053,1393.585997,2224.563858,2552.303286,1524.356877,708.007457,1450.051595,1088.367969,1489.922867,2212.106023,327.890518,673.709446,486.587385,1308.285704,1170.927134,519.065257,637.631266,846.407212,1268.780134,1294.057351,1641.996734,1253.431624,626.550072,1688.91693,2003.438889
2049,2257.547899,1481.60611,796.498459,1065.95019,82.394633,919.697618,2747.558177,334.690807,781.918554,419.997865,2421.582952,2796.426375,672.591115,603.572217,510.833416,1297.366514,822.477941,1461.933655,1071.326902,953.866588,1085.702733,636.210232,0.0,2015.863445,981.477644,977.496694,2660.879043,2576.736977,2332.717355,2141.473451,1505.595559,2187.296277,677.883655,566.580067,2695.445966,821.872018,1916.146363,1778.096552,933.305995,1005.007271,113.557092,899.269842,2357.042651,686.467511,495.906461,685.666979,614.339703,3576.270651,960.699116,2695.457467,915.621701,3329.665219,360.034417,2457.356017,57.212171,906.857047,1980.852951,3375.557308,1335.646307,257.016003,2504.429525,1563.176129,91.399042,1640.740094,315.993683,849.231538,281.607432,738.032317,762.26822,761.376646,1983.864039,661.288131,2808.478683,99.217289,698.758735,2109.514388,1067.329019,1578.818189,1774.12403,2101.863459,1646.819066,235.066386,999.611767,552.76253,2007.626266,2383.03837,530.80467,312.927663,267.033622,947.503921,720.487307,500.218714,276.849483,310.801773,818.340306,911.399277,1281.214952,802.991797,952.05759,1831.986775,1622.677383
21860,313.153475,1867.024913,2423.680414,1614.946587,1933.468812,2085.7454,2346.409865,1888.884955,2124.743052,2167.911718,490.568424,2297.541667,2536.554342,2387.930956,1564.523008,975.318545,1781.287229,2162.129873,1933.041641,1344.711728,2134.479495,2184.958911,2015.863445,0.0,1808.91886,1629.845282,3511.932665,1125.698941,388.322932,2770.533224,1359.524582,3670.756973,1830.306553,2255.175418,751.051542,1569.976071,2142.957702,1255.313685,2288.421479,1856.077849,1950.012199,1698.360425,424.822334,2352.786233,2085.441769,2305.012206,1536.11352,2795.898268,1055.16433,754.128594,1594.844728,2073.926032,1655.829029,1229.413891,1958.651275,1565.41501,1499.220003,2435.948515,1442.885006,2077.397765,560.035101,1901.056212,2032.671311,809.419591,2187.154208,1893.634305,1973.9911,1750.206482,2316.547043,1579.341055,349.240017,1673.247008,2358.00291,1956.354028,1960.627924,468.569679,2011.900086,831.157879,2017.480004,2579.411218,712.249459,2110.276839,2325.789143,2377.361883,2120.567763,575.940816,1930.229472,1809.069849,1843.468892,1774.945137,2033.387022,1756.077565,1843.641718,2174.764999,2045.214216,1760.716784,1323.836357,2145.816295,1558.408839,560.437681,2107.183022
947,2050.603314,1575.187769,709.907253,1049.598887,947.134339,384.259166,2841.139836,749.871398,410.969891,1181.577245,1994.285854,2890.008034,1010.471268,816.739215,776.021902,833.600316,1091.305776,1659.542176,1528.252312,464.207132,1725.630507,1342.259427,981.477644,1808.91886,0.0,1011.969483,2130.147992,1861.515121,2125.77277,1360.580669,1447.55134,2217.267184,1042.860176,1296.893781,2431.978365,799.54529,1135.253581,1062.874696,1663.619709,1273.835105,963.677726,126.76048,2150.098066,1416.781225,1201.955656,590.671561,524.995106,3669.85231,815.2771,2293.072412,976.968929,3362.849025,709.852039,2490.539823,954.544052,887.52953,2070.776642,2594.664526,1260.429427,740.799913,2297.48494,1656.757788,950.656022,1443.004697,912.32589,221.947202,987.656627,298.435556,602.773883,246.198629,1776.919454,422.230696,2902.060342,970.019555,301.347778,1513.54392,1607.110757,1371.873604,993.231248,1320.970677,1439.87448,913.814647,624.302909,824.740187,2101.207925,2176.093785,1080.101532,668.549982,929.922845,69.705051,319.046377,904.46612,704.628161,838.167148,343.727982,86.416639,652.342689,432.043135,940.53304,1625.04219,780.081042
1012,1536.867208,648.35207,1547.606078,122.763188,895.102061,1311.953407,1914.304137,870.064264,1328.361159,880.729535,2067.597152,1963.172334,1517.733651,1420.516273,486.593699,1030.028358,248.317494,651.102714,602.117516,907.880148,803.55537,645.262976,977.496694,1629.845282,1011.969483,0.0,3098.1754,2385.073461,1798.076975,2328.608078,672.341519,3004.240333,339.109043,791.305346,1974.765275,212.424193,2055.410109,1716.002585,810.657959,313.312861,897.259306,924.339161,1630.996675,866.621561,621.571697,1363.871466,566.002093,2743.016611,693.360959,2191.078256,61.874993,2496.411179,637.008338,1624.101976,920.284523,124.439953,1147.59891,3514.821055,523.644471,1058.577074,1783.748834,729.922088,986.576264,882.436689,1141.059161,1096.684927,741.453197,936.636281,1440.472707,765.770854,1320.39023,743.1317,1975.224642,903.601135,1163.678546,1804.949018,680.975961,838.472368,1913.387777,2288.998085,969.243248,1064.181792,1546.054372,1369.706586,1174.372226,1656.992394,466.359401,790.249158,716.16195,977.995759,1236.437644,516.165731,824.821028,1155.944309,1271.422224,963.767407,1205.808416,1349.434402,71.436444,1133.803301,1650.068428
1338,3721.483161,3651.952897,1933.737522,3126.364015,2711.939398,2013.377406,4917.904964,2511.201568,2119.68143,2999.195887,3586.37799,4906.149223,2227.821013,2261.07087,2852.78703,2846.874892,3168.070903,3736.307303,3602.286089,2477.481708,3656.166659,3206.674157,2659.896792,3512.187725,2120.707202,3088.73461,0.0,2896.512959,3862.878528,808.293645,3460.825916,1397.146213,3088.179251,3145.778089,4086.806571,2876.310418,1430.214059,2494.514778,3512.504017,3350.600232,2702.244824,2203.525608,3815.612627,3265.665533,3066.370386,2017.394366,2601.760234,5719.776273,2828.551675,3885.164548,3053.734056,5232.70776,2744.257495,4495.081421,2717.035514,2964.294657,4084.051218,1540.377474,3273.704003,2445.299128,3958.743392,3733.522916,2612.736899,3456.279272,2513.046752,2168.629121,2852.071358,2357.848919,1970.531704,2322.963757,3698.779411,2498.995823,4966.610465,2695.712029,2252.634389,3116.119836,3598.288207,3385.148179,1605.986679,1121.040787,3397.41834,2575.895524,2005.588247,2313.800627,4177.973053,3841.608347,3041.912017,2592.522985,2794.337575,2110.738851,2235.019014,2902.66417,2569.042892,2445.373269,2151.82451,2207.123841,2608.677799,2111.523873,3017.298167,3582.586049,1835.55574
21788,1438.852416,2635.269315,2367.870117,2377.772006,2542.393672,1972.398463,3247.540353,2345.130731,2087.87839,2776.836578,899.393143,3198.672155,2746.351968,2543.635621,2245.895635,1656.691172,2543.109183,2938.367027,2700.556782,1703.590363,2901.994636,2898.168078,2576.736977,1125.698941,1861.515121,2392.670702,2900.4983,0.0,1351.177189,2159.098859,2127.768984,3059.322608,2511.679181,2892.153114,1469.337465,2251.348698,1531.523337,900.260879,3055.93662,2618.903268,2558.937059,1749.854829,1539.672606,3012.040558,2766.814396,2324.893669,2057.038332,3678.739974,1736.536957,1198.179701,2357.670148,2956.767739,2305.111372,2219.1414,2549.803385,2328.240429,2388.775356,1824.514149,2205.710425,2411.399253,1442.68691,2677.293366,2621.255362,1717.508827,2582.925229,1948.843608,2582.91596,1915.799145,2304.386485,1857.499716,1422.83939,1954.693413,3259.133398,2565.278888,2028.244184,657.129263,2779.415227,1654.216937,1406.045639,1967.976853,1542.880271,2584.413986,2098.372332,2551.636593,2896.804918,1565.668326,2611.6021,2263.809314,2524.841519,1827.541398,2088.596325,2437.450192,2299.887494,2508.766487,2054.811039,1813.313045,1309.663771,2152.058716,2321.234258,1486.082563,1654.357783
21902,363.317972,2027.209217,2737.072473,1783.17828,2250.322723,2399.137459,2506.594169,2205.738866,2438.135111,2484.765628,470.031499,2457.725971,2853.408252,2704.784866,1881.376918,1292.172455,1949.518922,2322.314177,2100.113901,1661.565639,2301.551755,2353.190603,2332.717355,388.322932,2125.77277,1798.076975,3819.648004,1351.177189,0.0,3078.248563,1519.708886,3978.472312,2029.443536,2454.312401,543.246397,1821.630942,2450.673041,1563.029024,2455.493739,2024.309541,2266.866109,2015.214335,584.422241,2519.858493,2284.578752,2621.866116,1852.96743,2736.627356,1372.01824,536.269805,1763.076421,2014.65512,1972.682939,1300.91328,2275.505185,1733.646702,1659.404307,2743.663853,1611.116699,2394.251675,415.183217,2061.240516,2349.525222,969.603895,2504.008118,2210.488215,2290.84501,2067.060393,2629.939103,1896.194965,509.424321,1990.100918,2518.187214,2273.207938,2277.481834,746.758692,2178.972346,991.342183,2325.195343,2887.126557,880.481151,2427.13075,2639.181202,2694.215793,2280.752067,736.12512,2129.366455,2125.923759,2160.322803,2091.799047,2350.240932,2072.931475,2160.495629,2491.61891,2358.606275,2077.570695,1631.551696,2459.208355,1726.640532,720.621985,2414.89836
1431,2988.476516,2891.826364,1401.371348,2366.237482,2179.573224,1253.250873,4157.778431,1896.440689,1359.554898,2431.231097,2853.371345,4146.02269,1652.209494,1685.459351,2092.660497,2086.748359,2407.94437,2976.180771,2844.890907,1717.355175,3041.40578,2591.913279,2127.530619,2779.181079,1360.580669,2328.608078,808.293645,2163.506314,3129.871882,0.0,2700.699383,1171.239777,2359.498771,2546.547633,3353.799926,2116.183885,697.207413,1761.508132,2913.27356,2590.4737,2169.87865,1443.399075,3082.605982,2666.435076,2451.609507,1485.028192,1841.633701,4959.64974,2068.425143,3152.157902,2293.607523,4499.701115,2026.490634,3743.687866,2184.669341,2204.168125,3323.924685,1800.504006,2513.57747,1884.457449,3225.736746,2973.396383,2080.370725,2696.15274,1980.680578,1408.502588,2237.310479,1597.722386,1438.16553,1562.837224,2965.772766,1738.869291,4206.483933,2163.345855,1492.507856,2383.113191,2923.749352,2625.021646,872.980034,312.747142,2664.411695,2043.52935,1245.461714,1738.189108,3417.84652,3108.601702,2396.740127,1977.762106,2179.576697,1350.612319,1474.892481,2221.104715,1954.282013,1913.007096,1391.697977,1446.997308,1867.791703,1423.735224,2257.171634,2849.579404,1102.549095
403,1185.991116,507.500331,2062.312894,549.578331,1423.200926,1724.377879,1494.191505,1404.689587,1763.375532,1408.246355,1802.695435,1445.323307,2052.358974,1955.141595,1075.85296,907.693284,683.117618,832.00488,817.077528,983.344208,1018.515382,1079.773811,1505.595559,1341.773376,1447.55134,672.341519,3470.266706,2120.171744,1510.005068,2700.699383,0.0,3538.865656,833.960539,1272.497047,1597.599555,799.631928,2199.865546,1473.696984,1085.282938,575.083641,1425.358171,1336.992905,1280.120582,1149.647692,1120.052133,1898.496789,1113.223431,2258.950357,632.274241,1811.96243,734.216511,1915.297686,1205.036609,1042.988483,1448.383388,711.647689,623.225302,3276.859274,271.377481,1593.202397,1432.872741,683.194218,1514.675129,550.104992,1669.158025,1532.266785,1269.552062,1388.838962,1955.179523,1217.973535,1010.284565,1250.356919,1505.78455,1431.7,1599.260403,1540.0473,895.935973,573.570651,2057.843214,2614.602662,704.341531,1592.280657,1964.421623,1904.331909,1088.664214,1306.116301,993.876222,1345.088961,1244.260815,1413.577617,1672.019502,1044.264596,1359.446351,1690.569632,1683.846696,1399.349264,1205.970052,1784.448775,704.641518,801.471605,1794.523865
4177,3896.357297,3514.876207,1507.359931,3090.463653,2188.439715,1920.774902,4780.828274,2134.176069,1849.404377,2456.216961,3761.252125,4829.696472,1560.1358,1593.385656,2518.030995,2955.721801,2855.748038,3507.288353,3128.081727,2586.328617,3132.864143,2719.639145,2187.296277,3687.06186,2217.267184,3004.240333,1397.146213,3071.387094,4037.752663,1171.239777,3538.865656,0.0,2711.153752,2602.799163,4261.680707,2840.410056,1605.088194,2669.388913,2969.525091,3038.277368,2178.745141,2252.062491,3990.486763,2722.686607,2579.335373,1691.094543,2516.909525,5609.540748,2937.398584,4060.038683,2942.36534,5362.935316,2367.231996,4490.626114,2193.535831,2928.394296,4014.123048,2851.454701,3342.843886,1973.86174,4133.617527,3596.446226,2140.136384,3565.126181,1944.167988,2037.973524,2365.036345,2227.193323,1614.493302,2368.887598,3873.653546,2457.330422,4841.74878,2172.212345,2032.191504,3290.993972,3124.083845,3493.995088,1780.860815,1310.317728,3561.995965,2014.894259,1817.234568,1646.115413,4040.896363,4016.482482,2629.121456,2215.497486,2365.350408,2207.298834,1929.93608,2525.638671,2192.017393,1876.494505,1885.826129,2173.504087,2736.765145,1785.22405,2978.801229,3747.163674,2010.429875
1427,1768.23377,809.971091,1254.519497,394.315171,595.489022,1203.903127,2075.923158,576.977683,1113.863475,574.285816,2236.02606,2124.791355,1224.64707,1127.429691,342.570683,1111.809622,150.842922,802.383236,578.951645,955.786438,715.213742,389.309889,677.883655,1830.306553,1042.860176,339.109043,3088.179251,2504.08194,2029.443536,2359.498771,833.960539,2711.153752,0.0,484.861628,2206.131837,323.771395,2103.316399,1792.884695,709.379773,333.372251,597.646267,960.652374,1862.363236,604.749072,315.127979,1070.784885,573.228195,2904.635632,775.142224,2422.444817,277.234051,2658.0302,392.4175,1785.720997,620.671484,295.796835,1309.217931,3562.727345,745.766489,765.490493,2015.115396,891.541109,686.963225,1113.80325,841.446121,988.634647,440.836241,799.414849,1147.386126,813.677144,1551.756792,722.670662,2136.843663,603.988096,976.24925,1923.957497,626.060956,1069.83893,1961.294067,2319.888779,1200.60981,764.568753,1331.556688,1076.620005,1335.991247,1888.358956,159.915683,517.377057,416.548911,1008.886453,1052.432228,231.645487,531.734446,862.857727,1150.285227,994.6581,1287.58968,1134.936718,313.66994,1365.169863,1697.974718
