,8016,4185,7863,6487,9499,6662,5688,80412,8631,9278,86206,7419,4723,7072,3687,4047,7784,3368,7860,8468,5401,83072,5038,4366,6655,7751,8324,8407,82737,5157,5886,5816,4474,6614,80540,8741,6976,7393,7956,6873,82793,80462,3862,8323,5981,6518,7414,2673,5471,84804,5546,5602,7334,4238,5754,5679,6227,3080,6994,87101,87106,6509,3657,6494,8909,8251,3013,8723,8284,7075,7611,6182,8722,87148,8264,2784,3573,7085,6507,2670,6233,4149,5750,5758,7614,6151,3218,8658,3283,7043,8300,80988,7256,8674,9406,80507,7224,5600,5243,8911,2838
8016,0.0,1551.713331,1349.712983,1741.814342,378.078108,1552.247397,1168.439398,1043.000663,213.240754,723.096409,1764.615618,224.471906,1446.653816,421.513301,1226.290155,1587.300938,306.337271,1529.599375,1366.303589,1049.576379,1612.410786,1178.327543,938.361142,1520.840264,562.789546,1323.869184,134.153012,259.738934,509.277833,1689.640201,1753.381288,817.873339,1998.471603,888.603112,1441.672272,1090.177926,1449.138343,1427.340735,186.142557,1789.284576,461.222601,1591.945351,1392.359898,158.857557,697.762242,1518.976648,223.392366,1674.842183,1161.691004,1093.444575,2360.16637,1283.217194,313.713818,1678.358517,668.753913,617.263801,1747.870113,1614.704708,1620.277558,1721.338768,1740.107023,662.304025,2178.596908,2875.746741,261.480121,516.156724,1684.44602,203.640509,1169.279078,400.12716,130.572027,2112.239073,196.495421,453.669428,1194.966484,1915.564765,3178.42729,316.293173,1897.657415,1554.066073,681.727316,1723.078253,647.513915,725.040132,159.862645,1935.685198,1534.786124,423.999726,1572.564252,1941.361286,861.735242,161.654677,2264.349829,1522.521425,608.867406,1578.489609,2682.504054,1306.676672,818.444856,267.62484,1638.508786
4185,1551.713331,0.0,1266.174557,1139.236855,1684.999798,1040.134109,783.98658,1140.857211,1764.954085,1432.673115,318.252501,1405.397083,477.70732,1175.306292,668.985912,160.613737,1680.76831,453.017514,1206.324669,1163.489364,788.869872,868.189428,765.165493,327.95266,1015.90809,1199.311211,1607.994351,1811.452265,1455.971497,866.099288,1058.190058,796.503266,826.077493,861.124495,929.558984,1290.857704,1008.967996,1155.202976,1489.655569,1266.366264,1438.780668,1145.496489,363.561009,1572.930215,903.950437,1006.863359,1551.856536,747.808272,593.751666,1207.357559,1425.229312,725.780567,1297.476831,340.576365,1010.205761,1339.633961,1109.43083,607.469325,1108.164269,239.162044,254.325075,958.409071,745.470589,2255.001361,1804.061275,1338.958032,521.379164,1746.221663,1179.348228,1177.997221,1421.141305,1386.101137,1739.076575,1747.376915,1205.035634,438.938471,1732.064173,1578.275634,1242.271226,860.607033,890.373373,276.715137,1074.841028,921.543557,1429.03335,1209.547263,508.642018,1370.69339,433.942184,1417.096909,1188.506881,1545.613197,1780.430935,1459.189334,1555.56107,404.127281,2170.441518,720.629773,885.081779,1810.205994,711.474875
7863,1373.242927,1266.174557,0.0,529.109124,1325.088447,391.025751,620.436091,386.356876,1529.754203,807.806334,1106.429039,1277.442466,788.467237,1064.122508,1577.615387,1334.115269,1502.297906,1591.425709,59.849889,414.220127,629.886527,1672.538048,1108.052756,1113.771847,954.728235,102.284294,1379.626413,1623.808665,953.126579,727.838617,643.046386,947.431106,1064.951643,633.99322,443.23675,437.760134,257.206562,131.050304,1311.185165,512.617593,1024.21055,295.654921,1490.733526,1344.562277,976.279147,418.216383,1373.386132,1857.237775,825.729887,421.417466,1161.4079,583.132345,1122.006601,1019.065648,1221.772808,1436.602262,591.805614,1745.877519,332.276468,1063.15219,1081.920445,855.213756,1248.198202,1599.079757,1499.04068,857.086204,1659.207321,1441.201068,225.004046,1066.813437,1242.670901,913.480603,1434.05598,1644.938438,154.7465,1576.766629,2142.560254,1476.659574,614.160084,1905.391305,939.856864,1064.891675,1269.428457,1132.210541,1250.562945,750.362677,1647.050212,956.123272,1572.350378,664.694302,542.922347,1318.490143,987.682846,245.854441,949.277551,1542.535475,1405.83707,636.684344,1227.969042,1505.185398,1820.904378
6487,1741.814342,1139.236855,529.109124,0.0,1800.775019,351.728973,687.935041,862.043448,1955.055096,1283.492906,938.592282,1595.498094,751.947458,1365.407303,1715.945104,1219.728016,1870.869321,1507.381528,515.913014,889.906699,372.28676,1832.963673,1268.47838,1027.804473,1256.013029,539.745405,1798.095362,2001.553276,1428.813151,460.616448,113.937262,1170.859919,797.729474,889.579303,334.170307,913.446706,417.137419,455.295126,1679.75658,173.902328,1499.897122,309.399638,1422.675287,1763.031226,1265.849516,300.65325,1741.957547,1802.172285,789.210109,897.104037,720.722343,584.094457,1487.577842,805.495504,1384.562414,1714.487624,62.69649,1657.150146,242.148239,906.909825,925.67808,1156.49855,980.976033,1573.456701,1974.727252,1332.772776,1532.269619,1916.887639,700.690617,1368.098231,1611.242316,472.795046,1909.742551,1993.364333,648.528739,1434.094913,1814.99844,1777.944369,257.36373,1914.971046,1241.141658,897.054917,1449.197681,1295.90021,1619.13436,296.241172,1563.006031,1431.809844,1488.306197,400.065194,995.650236,1735.714208,962.05979,611.598883,1424.964123,1458.491294,1380.214014,600.164565,1388.394666,1980.87197,1765.838888
9499,416.732832,1684.999798,1325.088447,1800.775019,0.0,1585.192018,1295.097045,1018.376127,460.050873,572.08956,1897.902084,441.039742,1579.940282,589.825405,1442.857992,1729.116982,560.020689,1720.143624,1341.679053,1024.951843,1745.697252,1394.895379,1107.374656,1654.12673,696.076012,1299.244648,309.923083,540.888887,413.95336,1822.926668,1880.038936,951.159805,2131.75807,1021.889578,1523.264948,1000.558998,1451.37283,1402.716199,325.292608,1764.66004,444.788305,1567.320815,1561.373412,274.858947,831.048708,1600.569324,471.817929,1891.410019,1294.97747,1068.820039,2433.073795,1409.874842,467.654866,1811.644983,882.42847,833.831637,1863.471508,1831.272544,1603.942362,1854.625234,1873.39349,795.590491,2311.883374,2851.122205,357.49978,563.695044,1875.241571,363.753296,1144.654542,533.413626,368.538436,2185.146497,364.35265,691.767241,1170.341948,2069.159803,3311.713756,554.390985,1885.825978,1770.63391,815.013782,1856.36472,861.188472,858.326599,339.247818,2022.028571,1725.330373,419.106593,1763.108501,1916.736749,837.110706,248.786812,2239.725293,1497.896888,457.860557,1769.033858,2657.879518,1433.334319,1032.119413,299.768966,1855.076622
6662,1552.247397,1040.134109,391.025751,351.728973,1585.192018,0.0,498.414372,646.460448,1765.488151,1067.909905,880.388591,1405.931149,562.426789,1175.840358,1526.424434,1108.074821,1681.302376,1365.385261,331.175862,674.323698,452.127236,1643.443003,1078.957711,887.731399,1066.446085,324.162405,1608.528417,1811.986331,1213.23015,550.079326,465.666234,981.339249,887.192352,700.058633,110.575126,697.863706,133.819189,280.05417,1490.189635,421.706523,1284.314121,204.509654,1275.928755,1573.464281,1076.328846,51.075723,1552.390602,1660.176018,599.689439,681.521037,1052.415742,394.573787,1298.010897,756.009196,1195.041745,1524.966954,414.425462,1519.837071,167.177435,837.111741,855.879997,966.931606,1070.438911,1807.599494,1759.144251,1117.189775,1433.166873,1701.304639,485.107617,1178.531286,1421.675371,804.488445,1694.159551,1803.797388,432.945738,1350.726181,2068.805221,1588.377424,505.167925,1772.974779,1051.574714,838.851227,1259.677011,1106.379541,1429.567416,641.370518,1421.009764,1216.226843,1346.30993,647.86939,780.067236,1546.147263,1196.202582,518.202499,1209.381122,1316.495027,1614.356806,410.643896,1198.873997,1765.28897,1623.842621
5688,1168.439398,783.98658,620.436091,687.935041,1295.097045,498.414372,0.0,498.030429,1381.680152,819.093886,655.139012,1022.12315,337.17721,792.032359,1173.349586,828.103764,1297.494377,1085.414204,560.586203,520.662582,488.992663,1268.272247,703.786954,654.784058,682.638085,518.151797,1224.720418,1428.178332,923.135177,566.222079,699.501987,598.721892,875.053481,316.204359,387.839246,648.030922,467.248258,613.483239,1106.381636,820.973621,994.219148,603.776752,995.957699,1189.656281,692.474572,465.143622,1168.582603,1378.517107,224.518683,564.530777,1306.287069,209.538477,914.202897,568.881911,819.870988,1149.796197,693.990812,1239.866015,566.444532,611.862163,630.630418,583.123606,1055.178785,2192.118782,1420.787342,827.094802,1170.210349,1362.94773,493.978589,794.723287,1037.867372,1058.359772,1355.802642,1419.989389,519.665995,1125.476602,2068.950685,1204.569425,843.778114,1491.315868,667.766714,613.601648,884.506255,731.208784,1045.759416,881.805897,1141.038708,926.13187,1066.338874,1046.396227,545.680099,1162.339264,1580.72187,847.220936,960.565103,1036.523971,1998.876094,138.237274,823.70324,1426.93206,1342.18371
80412,1066.530607,1140.857211,386.356876,862.043448,1018.376127,646.460448,498.030429,0.0,1223.041883,501.094014,1103.558607,970.730146,785.596805,758.212032,1412.666869,1184.974395,1195.585586,1442.284835,402.947483,27.863251,920.173481,1507.58953,943.104238,1109.984143,648.817758,360.513077,1072.914093,1317.096344,646.414259,1005.950316,975.98071,677.392933,1314.781718,452.823174,642.921692,175.753268,512.641259,463.984628,1004.472845,825.92847,717.49823,628.589245,1325.785008,1037.849957,670.36867,683.689244,1066.673812,1692.289257,673.259028,92.253124,1494.342224,537.523559,815.294281,1016.195217,915.862331,1130.691785,924.739938,1596.736646,665.210792,1060.281758,1079.050013,549.303279,1494.907022,1912.390634,1192.32836,550.373884,1527.08098,1134.488747,205.922971,760.90296,935.958581,1246.414927,1127.343659,1338.226118,231.610377,1525.017216,2455.871131,1170.749098,947.094407,1740.442787,633.946387,1062.021243,963.51798,826.300064,943.850625,1083.297,1489.741969,649.410952,1423.209505,978.005179,236.210027,1011.777822,1300.993723,559.165318,642.565231,1393.394602,1719.147947,608.824761,1021.964038,1198.473078,1655.95586
8631,213.240754,1764.954085,1529.754203,1955.055096,460.050873,1765.488151,1381.680152,1223.041883,0.0,883.968977,1977.856371,437.71266,1659.894569,634.754054,1377.282711,1800.541691,375.122467,1680.59193,1546.34481,1229.617599,1825.651539,1329.320098,1151.601896,1734.081017,776.030299,1503.910404,265.28477,183.372979,689.319053,1902.880955,1966.622042,1031.114093,2211.712357,1101.843866,1654.913026,1270.219146,1656.038586,1607.381955,399.383311,1969.325796,594.563306,1771.986572,1605.600652,289.989315,911.002996,1732.217401,348.159768,1825.834738,1374.931757,1273.485795,2573.407123,1496.457948,526.954571,1891.59927,881.994667,830.504555,1961.110867,1765.697263,1808.608118,1934.579522,1953.347777,875.544778,2391.837661,3055.787961,209.135544,729.397477,1835.438576,151.295932,1349.320298,613.367913,343.81278,2325.479826,144.150844,490.390722,1375.007704,2092.357645,3391.668043,430.732824,2090.491734,1705.058629,894.96807,1936.319007,860.754669,938.280886,373.103398,2148.925952,1685.778679,604.040946,1723.556807,2121.402506,1041.776462,344.929389,2444.39105,1702.562645,769.739974,1729.482164,2862.545274,1519.917425,1031.68561,215.280262,1789.501341
9278,771.342332,1432.673115,807.806334,1283.492906,572.08956,1067.909905,819.093886,501.094014,883.968977,0.0,1471.03687,697.959395,1153.075068,571.064916,1356.877204,1476.790299,914.630189,1543.611466,824.39694,507.66973,1287.651744,1433.150618,913.306972,1401.800047,525.59796,781.962535,733.841187,978.023438,291.675819,1373.428579,1375.165916,698.833123,1682.259981,614.791166,1010.399954,428.469439,934.090716,885.434086,716.22416,1247.377927,336.773948,1050.038702,1384.841254,698.77705,614.523306,1087.70433,793.90306,1751.345504,971.949404,511.969583,1915.791681,905.001822,542.52353,1383.673479,777.410814,943.54467,1346.189395,1672.278468,1086.660249,1427.76002,1446.528276,493.457916,1862.385285,2333.840092,837.350001,277.603132,1698.709413,795.415841,627.372429,515.377225,663.187829,1667.864384,788.270753,1046.376741,653.059835,1816.83312,2877.320588,909.000486,1368.543865,1684.653122,578.101024,1429.499506,825.066463,687.848546,671.079874,1504.746458,1548.798215,299.096684,1586.576343,1399.454636,319.828593,672.704916,1722.44318,980.614775,141.471218,1592.5017,2140.597404,957.33116,891.607876,818.2947,1715.012106
86206,1764.615618,318.252501,1106.429039,938.592282,1897.902084,880.388591,655.139012,1103.558607,1977.856371,1471.03687,0.0,1618.29937,317.961803,1388.208578,907.115837,398.743662,1893.670596,686.397174,1046.579151,1126.19076,588.225298,1106.319352,1063.759373,329.466948,1228.810377,1039.565693,1820.896637,2024.354552,1578.274189,665.454714,857.545484,1018.858193,518.227279,971.343371,769.813466,1253.5591,849.222478,995.457459,1702.557856,1065.721691,1649.35816,985.750971,601.690933,1785.832501,1119.310585,846.003739,1764.758823,981.187931,637.208383,1170.058955,1117.379098,566.035049,1510.379117,133.096778,1232.560688,1562.485897,908.786256,836.165792,918.853565,79.090458,97.858713,1171.311357,437.620375,1947.151148,2016.963562,1482.233814,711.285265,1959.123949,1022.709892,1390.899507,1634.043592,1121.736598,1951.978861,1982.116305,1048.397298,587.816067,1424.21396,1800.745644,1041.626653,1093.986692,1103.275659,41.537365,1297.195954,1143.898484,1641.935636,1008.90269,742.021677,1581.270882,667.321843,1216.452335,1151.208277,1758.515484,1472.580721,1288.304209,1612.508087,637.50694,1862.591304,560.884255,1139.906038,2023.10828,944.854534
7419,224.471906,1405.397083,1277.442466,1595.498094,440.746434,1405.931149,1022.12315,970.730146,437.71266,697.959395,1618.29937,0.0,1300.337567,230.090792,1035.245803,1380.969441,344.870939,1338.555022,1234.363411,977.305862,1466.094538,987.28319,732.029645,1374.524016,416.473298,1191.929006,332.173744,484.21084,486.967494,1543.323953,1607.06504,671.557091,1852.155355,742.286864,1295.356024,1017.907409,1302.822095,1295.400557,162.584138,1695.048934,469.776665,1460.005173,1186.028401,297.109608,551.445994,1372.6604,147.165612,1483.79783,1015.374756,1021.174058,2213.850122,1136.900946,200.958222,1532.042268,462.422416,410.932304,1601.553865,1423.660355,1473.96131,1575.02252,1593.790775,515.987777,2032.28066,2803.476224,485.952027,420.356263,1493.401668,428.112415,1097.008561,301.559904,93.89988,1965.922824,420.967327,419.606288,1122.695967,1709.233269,3032.111042,271.336052,1751.341167,1363.021721,535.411068,1576.762005,441.182419,554.466209,101.791925,1789.36895,1343.741771,401.689387,1381.519899,1869.090769,789.464725,269.792591,2192.079313,1450.250908,586.557068,1387.445256,2610.233537,1160.360424,612.113359,492.096745,1447.464433
4723,1446.653816,477.70732,788.467237,751.947458,1579.940282,562.426789,337.17721,785.596805,1659.894569,1153.075068,317.961803,1300.337567,0.0,1070.246776,1026.205646,552.926808,1575.708794,810.237249,728.617349,808.228958,447.7409,1225.409162,794.20477,332.583386,910.848575,721.603891,1502.934835,1706.392749,1260.312387,524.970316,717.061086,700.896391,714.712535,653.381568,451.851664,935.597298,531.260676,677.495656,1384.596053,884.986038,1331.396358,667.789169,720.780743,1467.870699,801.348783,529.156039,1446.79702,1105.028006,319.24658,852.097153,1282.442795,248.073247,1192.417315,231.704701,914.598886,1244.524095,758.00323,964.689059,630.45695,274.684953,293.453208,853.349555,745.17989,2112.214844,1699.001759,1164.272012,870.740084,1641.162147,704.74809,1072.937705,1316.08179,1044.972166,1634.017059,1664.154503,730.435496,788.299392,1731.773475,1482.783842,901.142255,1217.826767,785.313857,276.424438,979.234152,825.936682,1323.973834,868.418292,865.861752,1263.30908,791.161918,1075.967937,833.246475,1440.553682,1567.334265,981.482014,1294.546285,761.347015,1985.488489,242.922453,914.121055,1705.146478,1068.694609
7072,421.513301,1175.306292,1064.122508,1365.407303,589.825405,1175.840358,792.032359,758.212032,634.754054,571.064916,1388.208578,230.090792,1070.246776,0.0,953.179382,1219.423476,550.568279,1210.450119,1004.27262,764.787748,1236.003746,905.21677,597.681151,1144.433224,186.382507,961.838214,527.877292,681.252235,375.854437,1313.233162,1376.974249,441.4663,1622.064564,512.196073,1065.265233,877.482841,1072.731303,1065.309765,359.625533,1464.958143,358.663608,1229.914382,1051.679907,492.813155,321.355203,1142.569608,377.256403,1401.73141,785.283964,808.655943,1983.75933,906.810155,122.170539,1301.951477,351.047343,372.479754,1371.463074,1339.11712,1243.870519,1344.931729,1363.699984,285.896986,1802.189868,2590.95811,682.993422,309.243206,1365.548066,625.153809,884.490447,71.469113,290.941275,1735.832033,618.008721,627.95703,910.177853,1559.466297,2802.020251,412.537066,1521.250376,1280.9553,305.320277,1346.671214,329.807345,348.633093,298.833319,1559.278159,1215.636868,290.57633,1253.414995,1656.572654,646.576831,465.496138,1979.561198,1237.732793,475.444011,1259.340352,2397.715422,930.269633,500.738286,689.13814,1365.398013
3687,1226.290155,668.985912,1577.615387,1715.945104,1442.564684,1526.424434,1173.349586,1412.666869,1377.100628,1356.877204,907.115837,1035.245803,1026.205646,953.179382,0.0,508.372175,1206.417574,340.569384,1517.765499,1435.299021,1377.733207,236.46368,469.562632,910.142538,901.889145,1475.331093,1329.55129,1314.8692,1274.824991,1454.962623,1647.053393,805.113533,1414.940829,1132.934152,1415.849309,1562.667362,1495.258321,1578.802644,1164.402387,1848.983683,1257.634162,1631.786814,306.040997,1298.927857,768.346298,1493.153684,1070.720327,485.812192,983.114671,1479.167217,2014.092647,1212.070892,1006.571737,929.439701,689.58783,707.908214,1698.294165,425.674717,1594.454595,828.025379,830.468288,889.411688,1334.333924,2843.864697,1425.339995,1181.313491,495.41603,1367.500383,1451.157886,970.439666,1095.718129,1974.964473,1360.355295,1115.651168,1476.845291,752.335099,2320.927509,946.549887,1831.134562,365.036083,804.76858,865.578472,645.338072,669.028658,1103.610174,1798.410599,345.756133,1189.546884,383.534261,2005.960244,1370.889057,1271.61084,2369.29427,1804.400232,1374.414564,389.459618,2759.304853,1143.069661,539.896887,1431.484714,449.478795
4047,1587.300938,160.613737,1334.115269,1219.728016,1729.116982,1108.074821,828.103764,1184.974395,1800.541691,1476.790299,398.743662,1380.969441,552.926808,1219.423476,508.372175,0.0,1677.529585,292.403777,1274.26538,1207.606548,869.361033,707.575691,698.521827,408.443821,1060.025274,1247.63862,1652.111535,1785.981211,1500.088681,946.590448,1138.681219,840.62045,906.568654,905.241679,997.499695,1334.974888,1076.908707,1223.143688,1525.41317,1346.857425,1482.897852,1213.437201,202.947272,1617.047399,948.067621,1074.804071,1528.135053,587.194535,637.86885,1251.474743,1505.720473,793.721278,1333.320629,421.067526,918.547025,1179.020225,1189.921991,446.855588,1176.104981,319.653205,334.816236,1002.526254,825.96175,2335.492522,1848.178459,1383.075216,377.199922,1790.338847,1223.465412,1222.114404,1456.728912,1466.592298,1783.193759,1586.763178,1249.152818,434.789598,1812.555334,1417.661897,1322.762387,699.993296,934.490556,357.206298,983.182292,897.987854,1464.620956,1290.038424,348.028281,1414.810574,273.328447,1497.58807,1232.624065,1589.730381,1860.922096,1527.130045,1599.678254,243.513544,2250.932679,788.570485,768.856082,1854.323178,550.861138
7784,306.337271,1680.76831,1502.297906,1870.869321,558.180782,1681.302376,1297.494377,1195.585586,375.122467,903.199083,1893.670596,344.870939,1575.708794,550.568279,1206.417574,1677.529585,0.0,1509.726794,1509.734638,1202.161302,1741.465764,1158.454962,1067.416121,1649.895242,691.844525,1467.300233,358.381287,241.430319,689.380507,1818.69518,1882.436267,946.928318,2127.526582,1017.658091,1570.727251,1242.762849,1578.193321,1570.771783,349.709837,1941.869499,641.325275,1735.3764,1475.198407,383.085832,826.817221,1648.031626,197.705327,1654.969602,1290.745982,1246.029497,2489.221348,1412.272173,442.768797,1807.413495,797.808892,708.545834,1876.925092,1594.832127,1749.332537,1850.393747,1869.162002,791.359004,2307.651886,3028.331664,454.169992,645.211702,1664.573439,396.330379,1321.864001,529.182138,259.627005,2241.294051,389.185291,400.965773,1347.551407,1921.492508,3307.482269,259.867688,2026.712394,1534.193493,810.782295,1852.133232,776.568894,854.095111,288.917623,2064.740177,1514.913543,604.1024,1552.691671,2093.946208,1014.320165,341.757351,2416.934752,1675.106347,788.97008,1558.617028,2835.088976,1435.731651,947.499835,460.31471,1618.636205
3368,1529.599375,453.017514,1591.425709,1507.381528,1720.143624,1365.385261,1085.414204,1442.284835,1680.409848,1543.611466,686.397174,1338.555022,810.237249,1210.450119,340.569384,292.403777,1509.726794,0.0,1531.57582,1464.916988,1157.014544,539.7729,662.351,694.17414,1091.045161,1504.94906,1632.86051,1618.17842,1491.115323,1234.24396,1426.33473,965.855396,1194.222166,1162.552119,1254.810135,1592.285328,1334.219147,1480.454128,1467.711607,1634.510937,1473.924494,1470.747641,158.770212,1602.237077,929.08816,1332.114511,1374.029546,330.101211,895.17929,1508.785183,1793.373984,1051.031719,1297.149801,708.721037,882.376197,1011.217434,1477.575502,190.707209,1433.415421,607.306716,606.183174,1050.153551,1113.615261,2623.146034,1728.649215,1374.101859,159.501951,1670.809603,1480.775852,1213.141047,1399.027349,1754.24581,1663.664515,1418.960387,1506.463258,411.765715,2075.72609,1249.859107,1610.415899,442.899971,965.510443,644.859809,947.011464,861.817026,1406.919393,1577.691936,67.226956,1405.837216,42.964877,1785.241581,1489.934505,1574.920059,2148.575607,1784.440486,1590.704897,48.890234,2538.58619,1045.880925,732.685254,1734.793933,293.767813
7860,1380.679659,1206.324669,59.849889,515.913014,1341.679053,331.175862,560.586203,402.947483,1546.34481,824.39694,1046.579151,1234.363411,728.617349,1004.27262,1517.765499,1274.26538,1509.734638,1531.57582,0.0,430.810733,616.690416,1612.68816,1048.202867,1053.921958,894.878347,42.434406,1396.21702,1640.399271,969.717185,714.642506,629.850275,887.581218,1051.755532,574.143331,383.386862,454.350741,197.356674,117.854194,1318.621897,517.502571,1040.801156,282.45881,1430.883638,1361.152883,916.429258,368.404659,1380.822864,1797.387887,765.879999,438.008072,1148.21179,523.282457,1126.443159,959.21576,1161.92292,1376.752374,578.609503,1686.027631,319.080357,1003.302301,1022.070556,795.363868,1235.002091,1658.929646,1515.631286,873.67681,1599.357433,1457.791674,241.594652,1006.963548,1250.107633,900.284492,1450.646586,1632.22965,181.129575,1516.91674,2164.601269,1416.809686,600.963973,1845.541417,880.006976,1005.041786,1209.578569,1072.360652,1257.999678,737.166566,1587.200324,972.713878,1512.50049,724.54419,536.554271,1335.080749,1047.532734,305.704329,965.868157,1482.685587,1465.686958,576.834455,1168.119153,1521.776005,1761.05449
8468,1073.106323,1163.489364,414.220127,889.906699,1024.951843,674.323698,520.662582,27.863251,1229.617599,507.66973,1126.19076,977.305862,808.228958,764.787748,1435.299021,1207.606548,1202.161302,1464.916988,430.810733,0.0,942.805633,1530.221683,965.73639,1132.616296,655.393475,388.376328,1079.489809,1323.672061,652.989975,1028.582468,1003.84396,683.968649,1337.41387,459.398891,665.553844,147.890018,540.50451,491.847879,1011.048561,853.79172,724.073946,656.452495,1348.41716,1044.425673,676.944386,711.552495,1073.249528,1714.921409,695.89118,64.389873,1522.205475,560.155711,821.869997,1038.827369,922.438048,1137.267501,952.603188,1619.368798,693.074042,1082.91391,1101.682165,555.878995,1517.539175,1940.253885,1198.904076,556.9496,1549.713132,1141.064463,233.786222,767.478676,942.534297,1274.278177,1133.919376,1344.801834,259.473628,1547.649369,2483.734382,1177.324814,974.957658,1763.074939,640.522103,1084.653395,970.093696,832.87578,950.426341,1111.160251,1512.374121,655.986668,1445.841658,1005.868429,242.785743,1018.353539,1328.856973,587.028569,649.140947,1416.026754,1747.011198,631.456913,1028.539754,1205.048794,1678.588012
5401,1612.410786,788.869872,629.886527,372.28676,1745.697252,452.127236,488.992663,920.173481,1825.651539,1287.651744,588.225298,1466.094538,447.7409,1236.003746,1377.733207,869.361033,1741.465764,1157.014544,616.690416,942.805633,0.0,1528.757115,964.271822,677.43749,1076.605545,640.522807,1668.691805,1872.14972,1412.12784,110.249465,298.830889,866.653361,447.362491,805.197021,368.619124,1014.224108,517.914821,556.072528,1550.353024,507.007095,1483.211811,410.17704,1072.308304,1633.627669,967.105753,401.051514,1612.553991,1451.805302,485.003551,986.673829,874.669266,391.197342,1358.174285,455.12852,1080.355856,1410.281065,350.071661,1306.783162,342.925642,556.542842,575.311097,1019.106525,630.609049,1760.500979,1864.75873,1316.087465,1181.902636,1806.919117,801.46802,1238.694675,1481.83876,626.741968,1799.774029,1829.911473,749.306141,1083.72793,1669.352145,1648.540812,482.912057,1564.604062,951.070827,546.687934,1144.991122,991.693652,1489.730804,450.188094,1212.639048,1415.124533,1137.939214,657.73774,967.823151,1606.310652,1149.104067,712.376286,1429.122961,1108.124311,1567.258291,386.046548,1084.188108,1870.903448,1415.471904
83072,1178.327543,868.189428,1672.538048,1832.963673,1394.602071,1643.443003,1268.272247,1507.58953,1329.138016,1433.150618,1106.319352,987.28319,1225.409162,905.21677,236.46368,707.575691,1158.454962,539.7729,1612.68816,1530.221683,1528.757115,0.0,564.485293,1109.346054,978.162558,1570.253755,1281.588678,1266.906588,1244.967753,1605.986531,1798.077301,900.036194,1614.144344,1227.856814,1532.867878,1657.590023,1612.27689,1673.725306,1116.439775,1966.002253,1227.776924,1748.805384,505.244513,1250.965245,863.268959,1610.172254,1022.757714,685.015708,1078.037333,1574.089878,2213.296163,1309.293524,958.609125,1128.643216,676.499156,659.945602,1839.019444,624.878233,1711.473164,1027.228895,1029.671803,984.334349,1533.53744,3043.068213,1377.377383,1178.356521,694.619545,1319.537771,1546.080547,940.582429,1047.755517,2125.98838,1312.392683,1067.688555,1571.767953,951.538614,2520.131025,898.587275,1982.158469,564.239598,899.691241,1064.781988,615.480834,763.95132,1055.647561,1949.434506,544.959649,1159.689646,582.737777,2156.984152,1465.811718,1223.648227,2568.497786,1899.322893,1344.557326,588.663134,2958.508369,1237.992322,634.819548,1383.522101,648.682311
5038,938.361142,765.165493,1108.052756,1268.47838,1107.374656,1078.957711,703.786954,943.104238,1151.601896,913.306972,1063.759373,732.029645,794.20477,597.681151,469.562632,698.521827,1067.416121,662.351,1048.202867,965.73639,964.271822,564.485293,0.0,734.292426,460.740667,1005.768462,1030.36921,1198.100076,878.346355,1041.501238,1233.592008,335.550902,1350.33264,663.371521,968.382586,1093.10473,1047.791598,1109.240013,876.473374,1401.51696,861.155526,1184.320091,503.580788,995.305073,298.783666,1045.686961,879.195257,870.085037,513.55204,1009.604586,1809.430385,744.808231,684.380833,1000.73664,269.607229,599.532439,1274.534152,791.018001,1146.987871,990.481326,1005.644357,419.849057,1490.977461,2688.062917,1199.841263,761.33289,817.448947,1142.00165,981.595254,600.372079,807.789116,1561.503088,1134.856563,1074.301384,1007.28266,1026.785655,2477.571045,905.200103,1417.673177,797.33855,335.205949,1022.222009,334.242496,249.048058,815.68116,1384.949214,667.537749,793.068248,705.315876,1592.498859,901.326425,967.988056,2076.666006,1334.837601,977.935929,711.241233,2494.82023,673.507029,119.916286,1205.985981,833.75164
4366,1520.840264,327.95266,1113.771847,1027.804473,1654.12673,887.731399,654.784058,1109.984143,1734.081017,1401.800047,329.466948,1374.524016,332.583386,1144.433224,910.142538,408.443821,1649.895242,694.17414,1053.921958,1132.616296,677.43749,1109.346054,734.292426,0.0,985.035023,1046.908501,1577.121283,1780.579198,1425.098429,754.666905,946.757676,765.630198,800.140713,830.251427,777.156273,1259.984636,856.565285,1002.800266,1458.782501,1154.933882,1407.9076,993.093779,604.717635,1542.057147,873.077369,854.460649,1520.983468,988.964898,464.549144,1176.484492,1367.870972,573.377856,1266.603763,291.19408,979.332693,1309.257903,997.998448,845.865951,955.761559,264.671686,279.834718,927.536003,756.685036,2197.643022,1773.188207,1308.084964,720.985425,1715.348595,1030.0527,1147.124153,1390.268238,1274.668755,1708.203507,1738.340951,1055.740105,638.544732,1743.27862,1556.97029,1130.838844,1101.763659,859.500305,287.929584,1043.96796,890.670489,1398.160282,1098.114881,749.798644,1339.820322,675.09881,1305.664527,1157.633814,1514.74013,1723.072595,1306.786623,1524.688002,645.283907,2113.083179,568.227063,854.208711,1779.332926,952.631501
6655,562.789546,1015.90809,954.728235,1256.013029,696.076012,1066.446085,682.638085,648.817758,776.030299,525.59796,1228.810377,416.473298,910.848575,186.382507,901.889145,1060.025274,691.844525,1091.045161,894.878347,655.393475,1076.605545,978.162558,460.740667,985.035023,0.0,852.443941,619.070566,822.52848,467.047711,1153.83496,1267.579976,282.068098,1462.666362,402.801799,955.870959,782.761815,963.33703,955.915492,500.731784,1355.563869,449.856882,1120.520109,932.274949,584.006429,161.957001,1033.175335,562.932751,1298.779198,625.885763,699.26167,1874.365057,797.415882,308.553045,1142.553276,322.422754,558.86226,1262.068801,1219.712163,1134.476245,1185.533527,1204.301782,99.51448,1642.791667,2481.563837,815.13749,350.034246,1246.143108,757.297877,775.096174,189.073435,432.21752,1626.43776,750.152789,814.339536,800.783579,1400.068095,2642.622049,598.919572,1411.856102,1229.665063,145.922075,1187.273012,370.078403,232.860487,440.109564,1449.883886,1096.23191,381.769604,1134.010038,1547.178381,580.991848,556.689412,1870.166925,1128.33852,566.637284,1139.935395,2288.321149,785.840752,436.619817,821.282208,1262.445801
7751,1338.245254,1199.311211,102.284294,539.745405,1299.244648,324.162405,518.151797,360.513077,1503.910404,781.962535,1039.565693,1191.929006,721.603891,961.838214,1475.331093,1247.63862,1467.300233,1504.94906,42.434406,388.376328,640.522807,1570.253755,1005.768462,1046.908501,852.443941,0.0,1353.782614,1597.964866,927.28278,738.474898,653.682666,845.146812,1075.587923,531.708926,376.373404,411.916335,190.343216,141.686585,1276.187492,541.334962,998.366751,306.291202,1388.449232,1318.718478,873.994853,361.391201,1338.388459,1754.953481,735.923252,395.573667,1172.044181,480.848051,1084.008753,952.202302,1119.488514,1334.317968,602.441894,1659.40087,342.912748,996.288843,1015.057099,752.929462,1258.834482,1683.307108,1473.196881,831.242405,1589.745204,1415.357268,199.160246,964.529143,1207.673228,924.116884,1408.21218,1589.795244,146.998368,1509.903283,2188.43366,1374.37528,624.796364,1803.107011,837.57257,998.028329,1167.144163,1029.926247,1215.565272,760.998957,1552.406193,930.279473,1485.873729,748.921653,494.119865,1292.646343,1071.910197,330.081792,923.433752,1456.058826,1490.064421,552.149254,1125.684748,1479.341599,1718.620084
8324,134.153012,1613.91901,1368.560059,1804.02002,309.923083,1614.453076,1230.645076,1061.847739,265.28477,733.841187,1826.821296,332.467052,1508.859494,529.508447,1329.733373,1658.036194,358.381287,1633.042593,1385.150665,1068.423455,1674.616464,1281.77076,1036.293868,1583.045942,624.995224,1342.71626,0.0,311.78295,528.124908,1751.84588,1815.586967,880.079017,2060.677282,950.80879,1503.87795,1109.025002,1494.844441,1446.187811,216.719918,1808.131652,444.435516,1610.792427,1490.292624,91.502703,759.96792,1581.182326,300.610431,1778.285401,1223.896682,1112.29165,2422.372048,1345.422873,410.917798,1740.564195,776.749059,725.258947,1810.075792,1718.147925,1647.413974,1783.544447,1802.312702,724.509703,2240.802586,2894.593817,313.524137,563.542089,1787.889238,255.684525,1188.126154,462.332838,259.965746,2174.444751,248.539437,531.453722,1213.81356,1998.079015,3240.632968,383.183486,1929.29759,1657.509291,743.932994,1785.283932,755.509061,787.245811,230.675128,1997.890877,1638.229341,442.846801,1676.007469,1960.208361,880.582318,140.214122,2283.196905,1541.3685,619.612184,1681.932826,2701.351129,1368.88235,926.440002,319.668855,1741.952003
8407,259.738934,1811.452265,1609.451917,2001.553276,540.888887,1811.986331,1428.178332,1302.739597,183.372979,978.023438,2024.354552,484.21084,1706.392749,681.252235,1314.8692,1785.981211,241.430319,1618.17842,1626.042523,1309.315313,1872.14972,1266.906588,1198.100076,1780.579198,822.52848,1583.608118,311.78295,0.0,769.016766,1949.379135,2013.120222,1077.612273,2258.210537,1148.342046,1701.411206,1349.91686,1708.877277,1687.079669,445.881491,2049.02351,688.617767,1851.684285,1583.650033,336.487495,957.501176,1778.715581,340.080991,1763.421228,1421.429938,1353.183509,2619.905304,1542.956128,573.452752,1938.09745,928.492847,827.281796,2007.609047,1703.283753,1880.016492,1981.077702,1999.845957,922.042959,2438.335842,3135.485675,233.911362,775.895658,1773.025065,211.887213,1429.018012,659.866094,390.31096,2371.978006,189.752686,356.698574,1454.705418,2029.944134,3438.166224,402.243352,2157.396349,1642.645118,941.46625,1982.817187,907.252849,984.779066,419.601578,2195.424132,1623.365169,683.738659,1661.143296,2201.100219,1121.474176,421.39361,2524.088763,1782.260359,863.794435,1667.068653,2942.242988,1566.415606,1078.18379,275.871543,1727.087831
82737,557.523756,1455.971497,953.126579,1428.813151,413.95336,1213.23015,923.135177,646.414259,689.319053,291.675819,1578.274189,486.967494,1260.312387,375.854437,1274.824991,1500.088681,700.811613,1491.115323,969.717185,652.989975,1412.12784,1244.967753,878.346355,1425.098429,467.047711,927.28278,539.191263,783.373514,0.0,1489.357256,1508.077068,722.131504,1798.188658,718.832457,1151.30308,693.591522,1079.410961,1030.754331,502.405584,1392.698172,165.266099,1195.358947,1332.345111,504.127126,602.020407,1228.607456,582.91116,1698.849361,1065.949169,696.85817,2061.111926,1037.912973,331.531629,1492.017088,658.123596,748.334191,1491.50964,1619.782325,1231.980494,1534.997339,1553.765595,566.56219,1978.313962,2479.160337,658.605529,191.733176,1646.21327,600.765917,772.692674,304.385325,452.195929,1813.184629,593.620829,832.558165,798.38008,1840.131501,2992.085861,695.181909,1513.86411,1602.600909,585.985481,1536.736825,636.883598,629.298298,460.087974,1650.066703,1496.302072,115.688121,1534.0802,1544.774881,465.148838,478.054992,1867.763425,1125.93502,179.714448,1540.005557,2285.917649,1061.372451,807.814539,664.750248,1662.515963
5157,1689.640201,866.099288,727.838617,460.616448,1822.926668,550.079326,566.222079,1005.950316,1902.880955,1373.428579,665.454714,1543.323953,524.970316,1313.233162,1454.962623,946.590448,1818.69518,1234.24396,714.642506,1028.582468,110.249465,1605.986531,1041.501238,754.666905,1153.83496,738.474898,1745.921221,1949.379135,1489.357256,0.0,379.569651,943.882776,337.113026,882.426437,466.571214,1112.176199,615.866911,654.024618,1627.582439,587.745857,1560.441227,508.129131,1149.53772,1710.857085,1044.335169,499.003604,1689.783406,1529.034717,562.232966,1072.450664,800.115133,468.426757,1435.403701,532.357936,1157.585272,1487.510481,430.810423,1384.012578,440.877732,633.772257,652.540513,1096.33594,520.359585,1710.924134,1941.988145,1393.316881,1259.132052,1884.148533,899.42011,1315.92409,1559.068175,707.48073,1877.003445,1907.140889,847.258232,1151.775297,1559.102681,1725.770228,563.650819,1641.833478,1028.300242,623.91735,1222.220538,1068.923068,1566.96022,530.926856,1289.868464,1492.353949,1215.16863,738.476502,1053.599986,1683.540067,1227.580629,810.328376,1514.899796,1185.353726,1626.364291,463.275964,1161.417524,1948.132864,1492.70132
5886,1753.381288,1058.190058,643.046386,113.937262,1880.038936,465.666234,699.501987,975.98071,1966.622042,1375.165916,857.545484,1607.06504,717.061086,1376.974249,1647.053393,1138.681219,1882.436267,1426.33473,629.850275,1003.84396,298.830889,1798.077301,1233.592008,946.757676,1267.579976,653.682666,1809.662308,2013.120222,1508.077068,379.569651,0.0,1135.973547,716.682677,901.146249,433.225868,1027.383967,531.07468,569.232387,1691.323526,208.176207,1579.161039,423.336899,1341.62849,1774.598172,1236.425939,414.590512,1753.524493,1721.125488,754.323737,1011.041299,632.590324,595.661403,1499.144788,724.448706,1349.676042,1679.601251,51.240772,1576.103349,356.085501,825.863028,844.631283,1168.065497,899.929235,1518.422037,2005.729232,1412.036693,1451.222822,1947.88962,814.627879,1379.665178,1622.809262,384.663027,1940.744532,2004.931279,762.466,1353.048116,1726.866421,1789.511315,201.028074,1833.924248,1220.391013,816.00812,1414.311308,1261.013838,1630.701307,208.109153,1481.959234,1511.073761,1407.2594,403.646187,1055.337323,1747.281154,907.025126,659.174226,1516.637133,1377.444497,1325.17935,611.731512,1353.508294,2011.873951,1684.79209
5816,817.873339,796.503266,947.431106,1170.859919,951.159805,981.339249,598.721892,677.392933,1031.114093,698.833123,1018.858193,671.557091,700.896391,441.4663,805.113533,840.62045,946.928318,965.855396,887.581218,683.968649,866.653361,900.036194,335.550902,765.630198,282.068098,845.146812,874.154359,1077.612273,722.131504,943.882776,1135.973547,0.0,1252.714178,414.369753,870.764124,811.33699,943.858876,948.618363,755.815577,1303.898499,704.940675,1086.70163,807.085184,839.090223,172.568306,948.0685,818.016544,1173.589433,415.933579,727.836845,1711.811923,647.18977,563.636839,932.601091,382.380942,707.66526,1176.91569,1094.522398,1049.36941,975.581343,994.349598,224.569078,1432.839483,2510.139012,1070.221283,605.11804,1120.953343,1012.381671,803.671349,444.157228,687.301313,1463.884626,1005.236583,1035.374026,829.358754,1180.663271,2432.669865,854.003366,1320.054715,1132.889451,156.53338,977.320828,447.016209,293.718738,695.193357,1287.330752,971.042145,636.853397,1008.820273,1494.880398,609.567023,811.773205,1898.7421,1156.913695,821.721078,1007.073013,2316.896324,575.888568,455.467188,1076.366001,1137.256036
4474,1998.471603,826.077493,1064.951643,797.729474,2131.75807,887.192352,875.053481,1314.781718,2211.712357,1682.259981,518.227279,1852.155355,714.712535,1622.064564,1414.940829,906.568654,2127.526582,1194.222166,1051.755532,1337.41387,447.362491,1614.144344,1350.33264,800.140713,1462.666362,1075.587923,2054.752623,2258.210537,1798.188658,337.113026,716.682677,1252.714178,0.0,1191.257839,803.68424,1449.289224,952.979937,991.137644,1936.413841,882.878703,1869.272629,845.242156,1109.515925,2019.688487,1353.166571,836.11663,1998.614808,1489.012923,871.064368,1381.282066,604.028589,777.258159,1744.235103,577.831744,1466.416674,1796.341883,767.923449,1343.990784,777.990758,586.91545,605.683705,1405.167342,206.997669,1433.800639,2250.819547,1702.148283,1218.235709,2192.979935,1233.933003,1624.755492,1867.899577,608.386089,2185.834847,2215.972291,1184.371257,975.012207,1226.722997,2034.60163,725.331143,1601.811684,1337.131644,549.362357,1531.05194,1377.75447,1875.791622,589.12855,1249.846669,1801.185351,1175.146835,810.36854,1362.431388,1992.371469,959.230212,1147.441402,1823.731198,1145.331932,1349.240795,772.107366,1470.248926,2256.964266,1452.679526
6614,888.603112,861.124495,633.99322,889.579303,1021.889578,700.058633,316.204359,452.823174,1101.843866,614.791166,971.343371,742.286864,653.381568,512.196073,1132.934152,905.241679,1017.658091,1162.552119,574.143331,459.398891,805.197021,1227.856814,663.371521,830.251427,402.801799,531.708926,944.884132,1148.342046,718.832457,882.426437,901.146249,414.369753,1191.257839,0.0,589.483508,586.767231,630.42099,635.180477,826.54535,1022.617883,775.670448,799.785093,1046.052291,909.819996,424.352711,666.787884,888.746317,1412.55654,393.526311,503.267086,1507.93133,430.982155,634.366612,885.086269,669.846373,884.675826,895.635074,1317.003929,768.088794,928.066521,946.834776,303.28732,1371.383143,2214.003381,1140.951056,590.921216,1247.348263,1083.111444,507.535718,514.887001,758.031086,1260.004033,1075.966356,1140.153103,533.223124,1245.284499,2385.155043,924.733139,1045.422376,1460.71007,387.930428,929.806006,717.502021,580.284105,765.92313,1083.450159,1210.009252,707.58317,1143.476788,1248.040489,406.073431,882.502978,1602.60647,860.778065,756.262383,1113.661885,2020.760694,454.441633,775.948079,1147.095774,1376.223143
