,8016,6288,5280,5688,5038,5704,3895,7616,6650,5516,82736,9040,2980,7619,4215,6586,3597,7391,7042,5371,7961,83074,5227,3134,7421,6969,8649,3131,6453,8589,8781,6339,3282,4463,7161,3524,80990,5987,4256,4627,8672,8443,3799,84832,8263,6421,9484,5847,7621,5138,5157,3089,87080,2853,4149,5194,8169,7218,8723,5761,3612,87176,3100,6986,3515,8499,4978,82713,85079,6089,3678,8181,8288,2986,7425,5463,82861,4350,5212,8272,3138,3801,8500,5918,7746,3821,8505,6020,8483,8479,8679,3632,5758,87102,87077,82695,4991,3117,7037,5896,5746
8016,0.0,1278.238584,713.746347,1168.439398,938.361142,2041.742526,1346.178835,235.835867,540.923791,2377.194621,671.473022,785.333757,2238.105812,307.804687,1683.577244,1653.878243,2038.364257,1401.09442,1806.723975,1315.627676,499.926229,986.335868,2484.700029,1469.086527,247.268698,1510.773639,431.917782,1712.804595,892.136713,1396.247567,944.643206,1494.67433,1596.470201,1932.501764,617.177504,1941.337346,175.130514,2502.541127,1551.563118,1921.565929,1278.21975,863.602181,1515.916953,702.851807,1244.7882,474.781828,391.485156,912.631675,1399.784689,837.947211,1689.640201,1621.786612,1591.915742,1714.93538,1723.078253,1204.849625,764.689257,1412.768212,203.640509,1134.348442,2478.767291,451.622743,1550.922073,1636.066361,2291.77386,832.769805,775.389147,809.185046,259.278497,521.470848,1416.230892,672.596183,1362.633584,1699.188075,693.628921,821.194372,424.389429,1391.206468,2017.76446,1641.973378,1607.258819,1624.638041,853.492992,2339.8816,2020.716162,1366.709852,1062.438371,492.553376,220.02285,1028.38277,1238.782743,2096.594991,725.040132,1729.316557,1595.107407,925.418359,1479.294826,1669.007018,1570.083502,1281.752636,660.028412
6288,1278.238584,0.0,1382.946778,276.658258,918.559068,818.483405,1154.7263,1042.402718,834.498833,1165.54005,1051.0431,797.890843,1191.958371,1021.093127,639.972931,375.639659,992.216817,345.063464,573.424749,297.112987,1004.85851,1512.304793,1383.958893,1473.259827,1108.924947,232.535055,999.238531,1124.684045,438.400846,601.572902,665.891384,216.435746,1190.790466,831.760627,705.859332,897.733032,1240.144701,1572.768019,920.557711,820.824793,582.504213,560.320645,1015.109687,981.11111,474.14841,1131.829325,1290.701612,587.246091,460.687086,1197.782468,563.467513,1323.328572,1132.661483,1398.26929,679.47394,533.032701,702.493148,306.071854,1472.746916,359.028653,1424.675528,1531.036263,1384.536393,394.854019,1243.073634,573.320359,1404.109919,860.338248,1528.384904,1178.518346,1169.534896,772.664283,567.958919,1229.487546,908.091949,1044.611412,1548.449284,891.480714,917.023323,748.68767,1309.703528,947.027683,596.128673,1116.622479,1127.430454,1217.331617,530.060482,1087.012256,1230.300721,480.926547,468.142954,1047.894765,945.980898,685.712243,1152.084924,824.071786,413.057637,1246.96766,400.522371,160.209063,1121.044444
5280,713.746347,1382.946778,0.0,1211.992038,635.977755,1999.211625,858.682773,612.385539,645.631984,2237.260741,1019.164859,1053.753905,1887.682836,591.075948,1384.458102,1688.79364,1687.941281,1520.178683,1841.593097,1190.663117,774.127944,304.382683,2344.76615,787.133342,562.477939,1545.689036,780.064008,1059.383487,996.844906,1592.574169,1213.063354,1529.589728,914.517015,1792.567884,721.885697,1537.864215,727.073282,2698.867728,1055.865152,1781.63205,1474.546352,1132.022329,932.207787,1050.543645,1441.114801,326.331827,943.427924,909.861026,1518.868952,453.745279,1549.706322,939.833427,920.992681,1032.982195,1372.655278,1064.915745,911.500067,1531.852475,823.163413,1229.808917,2128.344316,557.543874,868.968888,1708.008001,1941.350884,1101.189953,93.435962,1098.973024,878.801401,289.988758,788.102007,880.211662,1558.960186,1017.23489,803.199023,518.810984,606.119519,982.643239,1877.83058,1838.299979,925.305634,1033.235731,1121.913139,2297.3507,2217.042764,684.756667,1273.843306,403.071799,771.965617,1224.709372,1435.109345,1746.172016,512.705465,1339.47475,913.154222,1207.000432,1339.360947,987.053832,1689.167765,1328.000753,305.719708
5688,1168.439398,276.658258,1211.992038,0.0,703.786954,987.863225,965.831794,932.603532,724.699647,1253.776498,1023.170719,816.433269,1128.629206,911.293941,574.100639,600.045217,928.887652,569.469022,752.844674,147.188278,939.453604,1297.53268,1361.281907,1350.978202,999.125761,456.940613,934.504315,1058.811753,276.302685,720.947078,684.43381,440.841304,1070.196697,809.083641,596.060146,831.860741,1130.345515,1742.147839,799.963942,798.147807,677.843514,578.86307,894.515917,953.23873,569.487711,1022.030139,1225.967396,425.14793,594.067302,983.010355,566.222079,1202.734803,1012.067713,1277.67552,613.601648,395.675696,619.17359,530.477412,1362.94773,171.21536,1369.290686,1421.237076,1262.254769,619.259577,1182.297254,591.862785,1205.885119,865.886761,1418.585717,1068.719159,1035.883851,707.930068,687.333095,1126.936801,798.292762,829.839298,1438.650097,697.795624,894.346337,966.672889,1189.109759,881.155391,614.671098,1286.002299,1345.415673,1023.646527,548.602908,977.21307,1120.501535,499.468973,563.482255,987.118386,731.208784,619.839951,1031.491155,842.614212,355.876704,1142.404493,624.927929,227.873335,906.272331
5038,938.361142,918.559068,635.977755,703.786954,0.0,1491.006541,457.399724,738.252323,433.1644,1729.055657,1040.541545,914.880728,1537.249567,716.942733,982.721,1180.588556,1337.508012,1082.993698,1333.388013,682.458033,745.102396,593.745726,1836.561066,712.359004,724.74942,1037.483952,801.440693,824.025484,623.469847,1208.563743,1040.080136,1021.384643,729.221825,1284.3628,583.01252,1223.724345,935.994306,2245.291155,662.784008,1273.426966,1165.460179,959.039111,627.137843,1047.451816,1057.104376,604.110645,1120.781705,441.328683,1081.683967,279.223401,1041.501238,754.789538,703.136631,847.938307,1022.222009,516.948184,772.62689,1091.916774,1142.00165,721.603833,1777.911046,1060.53106,753.822699,1199.802917,1590.917615,947.509111,582.656757,960.099847,1197.639638,650.799665,527.451781,741.338485,1174.94976,831.939699,687.915478,197.29336,1109.106705,548.080934,1369.625496,1454.289554,740.261745,735.858931,970.317424,1789.145616,1833.032338,508.563857,993.676716,445.807767,926.150327,944.542781,1051.09892,1395.738746,249.048058,994.85389,727.21329,1068.127255,831.155863,801.758642,1205.471268,819.795668,356.008572
5704,2045.147028,821.887907,1999.211625,991.267727,1491.006541,0.0,1637.217854,1809.311161,1601.407277,610.958673,1814.880618,1561.728362,1020.353792,1788.001571,1033.921644,641.929936,940.891772,834.316794,401.860373,868.539104,1773.113148,2084.752266,911.30698,1951.001116,1875.83339,689.75433,1767.493168,1559.531814,1153.010315,952.806962,1412.511654,689.977644,1661.31614,643.297459,1472.767776,1098.982512,2007.053144,1018.186642,1404.139865,632.361624,1187.371759,1289.108254,1497.601241,1744.948628,944.303856,1886.455452,2058.956249,1226.513829,797.573251,1770.229941,636.984183,1769.280487,1610.402772,1844.221205,1073.422653,1104.458818,1495.88122,818.468744,2239.655359,1072.382645,1089.443404,2297.944706,1862.277682,551.55353,951.509517,1319.940629,1993.104705,1624.175766,2295.293347,1933.144473,1652.026451,1540.918921,826.458472,1664.335315,1675.000392,1617.058885,2315.357727,1462.906831,399.303215,610.989365,1782.761625,1381.875452,1359.966191,562.041103,716.341597,1787.742821,1258.848091,1783.291112,1997.209164,1209.714156,1073.010499,847.640924,1518.428371,1091.255349,1629.826214,1587.909304,797.001743,1681.815428,582.626933,812.439705,1693.491917
3895,1346.178835,1154.7263,858.682773,965.831794,457.399724,1637.217854,0.0,1146.070016,840.982093,1662.563487,1448.359237,1340.233947,1113.355959,1124.760426,610.131224,1415.734432,913.614404,1385.158237,1489.897955,941.66573,1152.920089,692.101042,1689.031944,414.258843,1132.567113,1272.629828,1209.258386,366.62576,959.969554,1545.06345,1465.433355,1256.530519,271.822101,1055.908023,1008.365739,794.018327,1343.811999,2103.084095,281.538275,1064.246496,1501.959886,1360.436585,169.738119,1470.877326,1393.604083,1011.928337,1528.599398,777.828389,1418.183673,687.041094,1187.712551,297.389814,245.736908,390.538583,598.328401,626.484184,1197.980109,1346.166627,1549.819343,1005.800669,1354.017439,1416.226646,325.535409,1425.795656,1167.024007,1372.86233,805.361775,1385.453066,1605.457331,1058.617358,99.164492,1166.691704,1511.449467,374.539976,1095.733171,605.111053,1464.802292,268.036171,1392.28573,1788.782444,282.862021,278.459207,1395.670643,1770.801087,2089.657423,234.880862,1330.176423,853.62546,1333.968019,1281.042488,1387.598626,971.845138,656.865751,565.147872,269.813566,1493.480474,875.944892,344.358918,1440.617144,1068.040116,763.826265
7616,235.835867,1042.402718,612.385539,932.603532,738.252323,1805.906659,1146.070016,0.0,305.087924,2141.358754,509.127278,573.027835,2002.269945,71.96882,1447.741378,1418.042376,1802.52839,1179.634623,1570.888108,1079.79181,264.090363,844.495401,2248.864163,1327.24606,120.309292,1274.937772,270.026427,1512.695776,656.300847,1183.941645,732.337283,1258.838464,1417.892117,1696.665897,381.341638,1705.50148,249.162802,2290.235205,1331.854827,1685.730063,1065.913828,651.296259,1315.808135,540.506064,1032.482277,333.032548,465.517444,676.795809,1178.324892,661.844853,1453.804335,1443.45983,1391.806923,1536.608598,1487.242387,969.013758,552.383335,1191.308415,439.476375,898.512576,2242.931425,540.091803,1409.081605,1414.606565,2055.937993,620.463883,633.54868,618.246954,495.114363,379.721569,1216.122073,460.290261,1150.327662,1520.609991,457.793055,619.832819,514.711724,1155.370601,1781.928593,1429.667456,1428.932037,1424.529223,641.187069,2104.045734,1808.41024,1197.234149,850.132449,316.451018,294.055137,816.076848,1026.476821,1860.759125,489.204266,1493.48069,1415.883582,726.274362,1243.45896,1490.428934,1348.623705,1045.916769,483.926054
6650,540.923791,834.498833,645.631984,724.699647,433.1644,1598.002774,840.982093,305.087924,0.0,1863.14922,607.377145,505.30596,1724.060411,283.778334,1169.531844,1210.138491,1524.318856,971.730739,1362.984223,816.551596,311.937997,855.19876,1970.654629,1095.941372,371.610153,1067.033887,368.276294,1207.607852,448.396962,1044.126224,664.615409,1050.934579,1112.804193,1418.456363,173.437753,1427.291945,502.829907,2150.419784,1046.366376,1407.520529,926.098407,583.574384,1010.720211,629.895234,892.666857,394.514531,687.617306,398.586275,970.421007,511.767554,1175.594801,1138.371906,1086.719,1231.520675,1209.032853,690.804224,363.052122,983.404531,735.432122,690.608691,1964.72189,793.721469,1137.405067,1206.70268,1777.728459,552.742009,644.252039,550.525079,791.07011,441.203552,911.03415,331.763717,1010.512241,1215.522068,254.751079,314.744895,811.13449,877.161067,1503.719059,1289.852035,1123.844113,1119.441299,573.465195,1896.141849,1668.594819,892.146225,725.395362,325.199191,492.985927,676.261427,886.6614,1582.54959,184.116342,1215.271156,1110.795658,658.552487,965.249426,1185.34101,1140.71982,838.012885,362.294449
5516,2377.194621,1168.944552,2237.260741,1253.776498,1729.055657,610.958673,1662.563487,2141.358754,1863.14922,0.0,2148.501316,1895.349059,889.5432,2120.049164,1103.736095,975.550634,868.642122,1167.937492,748.917018,1106.58822,2106.733846,2270.308633,356.717552,1976.346748,2207.880984,1023.375028,2101.113866,1584.877446,1500.06696,1268.904052,1746.132352,1037.034289,1686.661772,609.252826,1819.824421,1059.881283,2339.100737,673.170554,1429.485497,598.316991,1520.992457,1622.728951,1522.946874,2078.569326,1260.400947,2124.504569,2392.576947,1464.562946,1131.193949,2008.279058,715.836044,1788.694975,1635.748404,1863.635692,1064.235086,1342.507934,1842.937865,1152.089442,2571.702952,1310.431762,742.832201,2580.924984,1887.623314,885.174228,653.981772,1653.561327,2231.153822,1957.796464,2627.34094,2171.193589,1677.372083,1874.539618,1142.555562,1683.749803,2022.057037,1855.108001,2629.500629,1700.955947,655.67846,868.502154,1808.107257,1407.221084,1693.586889,142.532667,605.270435,1813.088453,1592.468789,2021.340229,2329.256758,1543.334854,1406.631197,775.391273,1756.477487,1109.765968,1655.171846,1921.530002,1035.050859,1701.229916,916.247631,1159.496351,1931.541034
82736,719.718946,1051.0431,1019.164859,1023.170719,1040.541545,1814.880618,1448.359237,509.127278,607.377145,2148.501316,0.0,293.626956,2146.06077,487.817688,1594.07533,1352.416607,1946.319216,1063.264604,1563.390492,1170.358997,404.847363,1251.274721,2325.422334,1679.816552,629.436569,1203.652809,286.255756,1814.984997,822.4016,1058.417751,487.011552,1267.478845,1720.181338,1820.366974,534.371285,1851.835431,587.842897,2164.711311,1634.144048,1809.43114,833.664116,525.772365,1618.097356,183.832232,906.958384,768.047407,454.438231,979.08503,1061.954872,989.512083,1577.505412,1745.749051,1694.096144,1838.89782,1633.576339,1271.302979,468.138395,1074.938396,743.792454,1064.613329,2384.169464,992.706669,1744.782212,1298.236545,2197.176033,494.939989,1040.328,248.727915,799.430442,814.736427,1518.411294,376.045321,1024.803768,1822.899212,434.905164,922.12204,965.473355,1457.659822,1905.62967,1304.143562,1731.221258,1726.818444,454.914428,2099.583745,1682.886346,1499.52337,724.608555,723.230338,632.735232,690.552954,800.293358,2001.997164,791.493487,1639.814642,1718.172803,392.723323,1367.160037,1792.718155,1232.253685,1107.614096,840.038978
9040,808.863701,797.890843,1053.753905,816.433269,914.880728,1561.728362,1340.233947,573.027835,505.30596,1895.349059,293.626956,0.0,1892.908514,551.718244,1340.923074,1099.264351,1693.166959,810.112347,1310.238236,963.621547,405.736471,1285.863767,2072.270078,1601.247332,693.337126,950.500553,400.116491,1706.859707,619.898523,805.265495,233.859296,1014.326589,1612.056048,1567.214718,331.868208,1598.683175,720.872284,1911.559054,1450.224233,1556.278883,580.51186,272.620109,1509.972065,223.694967,653.806127,802.636452,595.61174,795.165215,808.802616,1017.073513,1324.353155,1637.62376,1585.970854,1730.772529,1380.424082,1087.383164,265.635318,821.78614,876.821842,862.110251,2131.017208,1106.567404,1636.656921,1045.084289,1944.023776,241.787733,1074.917046,136.342998,932.459829,849.325473,1410.286004,173.542243,771.651512,1714.773922,414.576386,820.050855,1079.334091,1286.403933,1652.477414,1050.991305,1623.095968,1543.678368,201.762171,1846.431489,1429.73409,1391.398079,471.456299,757.819384,760.925838,437.400698,547.141102,1748.844908,689.422302,1386.662386,1610.047512,153.246528,1114.00778,1684.592865,979.101429,854.46184,867.600409
2980,2238.105812,1191.958371,1887.682836,1128.629206,1537.249567,1020.353792,1113.355959,2002.269945,1724.060411,889.5432,2146.06077,1892.908514,0.0,1980.960355,554.528568,1191.152551,326.165166,1422.390308,1243.065542,981.440928,2009.120018,1721.101106,894.758105,1386.134785,2068.792174,1303.782909,2063.133521,915.1591,1404.931891,1591.849984,1760.909055,1135.808471,1045.186083,502.860255,1724.689352,411.963562,2200.011928,1308.810256,880.27797,544.319097,1677.521884,1655.338316,973.739346,2076.128781,1569.166081,1985.41576,2354.596602,1325.474137,1422.393123,1772.703347,753.401259,1069.371138,1065.774222,1144.311856,515.027559,1068.708583,1747.802796,1383.398699,2432.614143,1185.28447,426.929347,2441.836175,1297.411351,1178.963243,246.994466,1668.33803,1834.361838,1955.355918,2488.252131,2032.10478,1128.164555,1836.559274,1465.501494,964.425966,1926.921968,1690.773305,2490.41182,1165.222229,726.380941,1484.836533,1096.012954,858.013557,1691.146343,976.527249,1401.29621,1263.880926,1625.078153,1882.251419,2190.167948,1575.944218,1563.160625,264.023144,1617.388678,560.558441,1041.697564,1919.089457,778.900734,981.906079,1207.446805,1105.272187,1792.452225
7619,307.804687,1021.093127,591.075948,911.293941,716.942733,1784.597069,1124.760426,71.96882,283.778334,2120.049164,487.817688,551.718244,1980.960355,0.0,1426.431787,1396.732786,1781.2188,1158.325033,1549.578518,1058.482219,242.780772,823.18581,2227.554572,1305.936469,192.278111,1253.628182,248.716836,1491.386185,634.991256,1162.632054,711.027693,1237.528873,1396.582526,1675.356307,360.032047,1684.191889,273.675593,2268.925614,1310.545236,1664.420472,1044.604237,629.986668,1294.498544,519.196473,1011.172687,339.958496,424.493555,655.486218,1157.015301,640.535262,1432.494744,1422.150239,1370.497333,1515.299008,1465.932796,947.704167,531.073744,1169.998825,472.308371,877.202985,2221.621834,612.060623,1387.772015,1393.296974,2034.628403,599.154292,612.239089,596.937363,527.946359,386.647516,1194.812483,438.98067,1129.018071,1499.300401,436.483464,598.523228,586.680544,1134.061011,1760.619003,1408.357865,1407.622446,1403.219632,619.877479,2082.736143,1787.100649,1175.924558,828.822858,295.141427,229.862176,794.767257,1005.16723,1839.449534,467.894675,1472.1711,1394.573991,704.964771,1222.149369,1469.119343,1327.314114,1024.607179,462.616464
4215,1683.577244,639.972931,1384.458102,574.100639,982.721,1033.921644,610.131224,1447.741378,1169.531844,1103.736095,1594.07533,1340.923074,554.528568,1426.431787,0.0,834.688753,354.787013,870.404868,886.601744,426.912361,1454.591451,1217.876371,1130.204552,923.914486,1514.263607,757.876459,1508.604954,532.445184,850.403324,1126.914306,1208.923615,697.519012,634.22951,497.080632,1170.160785,268.754565,1645.483361,1544.256703,377.053235,505.419104,1125.536444,1103.352875,470.514611,1524.14334,1017.18064,1430.887192,1800.068035,770.945569,986.02849,1261.9444,584.416341,742.193857,583.316142,817.134575,39.501009,514.180015,1193.274229,831.413258,1878.085576,630.755903,795.190047,1887.307608,835.191052,822.499445,608.196616,1116.35259,1331.137104,1403.370478,1933.723564,1477.576213,624.93982,1282.030706,1093.300323,637.248685,1372.393401,1161.490625,1935.883253,661.997494,820.226259,1199.148306,755.674995,354.788822,1139.160903,1211.973696,1486.361212,760.656191,1073.092712,1327.722852,1635.639381,1023.958778,1011.175184,413.017747,1062.860111,57.333706,602.739583,1367.104016,272.648681,654.728798,850.983007,553.286747,1237.923657
6586,1653.878243,375.639659,1688.79364,600.045217,1180.588556,641.320299,1415.734432,1418.042376,1210.138491,975.550634,1352.416607,1099.264351,1191.152551,1396.732786,834.688753,0.0,1035.717467,371.852783,314.842554,558.121119,1310.649137,1774.334282,1198.012323,1734.267959,1484.564605,216.499027,1305.029157,1360.298923,761.787805,504.566101,950.047643,202.347949,1451.798599,708.894479,1081.498991,1103.443318,1615.784359,1304.891984,1181.565843,697.958645,724.907748,826.644242,1276.117819,1282.484617,489.203529,1507.468984,1596.492238,910.63305,335.10924,1459.811957,437.751293,1570.047597,1393.669615,1644.988314,874.189762,794.040833,1056.468744,345.21344,1781.734507,682.415612,1301.80938,1906.675921,1645.544525,91.67936,1122.308276,857.476618,1682.686721,1161.711755,1837.372495,1554.158004,1430.543028,1078.454909,378.217611,1465.102425,1283.731607,1306.6409,1924.088942,1152.488846,794.157175,468.328221,1570.711661,1182.642562,897.50218,926.633063,847.071005,1478.33975,796.38408,1462.651915,1605.940379,747.250145,610.546488,991.398492,1208.010386,892.022459,1413.093057,1125.445293,597.768853,1482.582538,120.162922,421.217195,1383.073933
3597,2038.364257,992.216817,1687.941281,928.887652,1337.508012,940.891772,913.614404,1802.52839,1524.318856,868.642122,1946.319216,1693.166959,326.165166,1781.2188,354.787013,1035.717467,0.0,1222.648754,1087.630458,781.699374,1809.378463,1521.359551,890.555688,1227.397666,1869.05062,1109.075995,1863.391966,775.551107,1205.190336,1436.414899,1561.1675,936.066916,877.335433,329.42035,1524.947797,241.533744,2000.270373,1304.607839,680.536415,337.758822,1477.780329,1455.596761,773.997791,1876.387226,1369.424526,1785.674205,2154.855047,1125.732582,1266.958038,1572.961792,597.966174,970.347436,886.799322,1045.288154,315.286004,868.967028,1548.061241,1183.657144,2232.872588,985.542915,444.314323,2242.09462,1138.674232,1023.528159,257.320891,1468.596475,1634.620284,1755.614364,2288.510576,1832.363225,928.423,1636.817719,1310.066409,865.402264,1727.180413,1491.031751,2290.670266,965.480674,646.918922,1400.177019,996.989252,658.272002,1491.404789,972.324831,1397.093792,1064.139371,1425.336598,1682.509865,1990.426394,1376.202663,1363.41907,123.367139,1417.647123,360.816886,873.846914,1719.347902,579.15918,882.882377,1052.01172,905.530633,1592.71067
7391,1415.47049,345.063464,1520.178683,569.469022,1082.993698,834.316794,1385.158237,1179.634623,971.730739,1167.937492,1063.264604,810.112347,1422.390308,1158.325033,870.404868,371.852783,1222.648754,0.0,582.826668,527.544924,1021.497134,1676.739424,1390.399181,1703.691764,1246.156852,167.706024,1015.877154,1355.115982,599.952842,283.827256,660.89564,330.185139,1421.222404,976.878593,843.091238,1128.164969,1336.632947,1390.120816,1150.989648,965.942759,435.755745,537.492239,1245.541624,993.332614,207.107809,1269.061231,1307.340235,748.798086,142.94144,1362.217099,705.735407,1553.760509,1363.09342,1628.701227,909.905877,763.464638,767.316741,38.99161,1492.582504,651.839417,1569.793494,1668.268168,1614.96833,317.672721,1390.29239,568.324615,1541.341824,872.559752,1548.220492,1315.750251,1399.966833,789.302906,250.213273,1459.919484,1030.337049,1209.046042,1685.681189,1121.912651,1062.141289,529.553067,1540.135465,1177.45962,608.350177,1119.019921,908.295851,1447.763555,507.232077,1224.244162,1367.532626,458.098142,321.394485,1259.382606,1107.151483,916.14418,1382.516862,836.29329,643.489575,1477.399597,251.689861,390.641,1285.329589
7042,1806.723975,573.424749,1841.593097,752.844674,1333.388013,398.455871,1489.897955,1570.888108,1362.984223,745.512516,1563.390492,1310.238236,1243.065542,1549.578518,886.601744,314.842554,1087.630458,582.826668,0.0,710.920576,1521.623022,1927.133738,1045.860823,1803.681216,1637.410337,427.472912,1516.003043,1412.211914,914.587262,715.539987,1161.021529,400.133039,1513.99624,760.80747,1234.344723,1155.356308,1768.630091,1152.740485,1256.819966,749.871636,935.881633,1037.618128,1350.281342,1493.458503,700.177414,1660.314716,1807.466123,1063.432506,546.083126,1612.611413,489.664284,1621.960587,1463.082872,1696.901305,926.102753,946.84029,1257.458167,556.187326,1992.708393,835.215069,1223.997247,2059.521653,1714.957783,302.653246,1126.285468,1068.450504,1835.486177,1372.68564,2048.346381,1707.003736,1504.706551,1289.428795,589.191497,1517.015416,1436.577339,1459.440357,2076.934674,1305.288303,797.759085,507.394974,1635.441726,1234.555552,1108.476065,696.594946,747.169816,1631.139206,1007.357965,1615.497647,1758.786111,958.224031,821.520374,1043.311483,1360.809843,943.93545,1482.506314,1336.419179,649.681843,1534.495529,331.136807,574.016652,1535.873389
5371,1315.627676,297.112987,1190.663117,147.188278,682.458033,868.539104,941.66573,1079.79181,816.551596,1106.58822,1170.358997,963.621547,981.440928,1058.482219,426.912361,558.121119,781.699374,527.544924,710.920576,0.0,1086.641882,1276.203759,1214.093629,1260.199257,1146.314039,415.016515,1081.692593,911.623475,423.490963,784.054362,831.622088,398.917207,977.729897,661.895363,743.248424,684.672463,1277.533793,1622.823718,707.497141,650.959529,782.6765,726.051348,802.049117,1100.427008,674.320697,1077.906945,1373.155674,417.965322,643.168546,961.681434,419.033801,1110.268002,919.600913,1185.20872,466.41337,319.972131,766.361868,488.553314,1510.136008,203.843542,1222.102408,1534.32736,1171.475823,577.33548,1035.108976,739.051063,1184.556198,1013.075039,1565.773995,1124.595965,956.474326,855.118346,750.440379,1016.426977,945.48104,808.510377,1582.903005,676.466703,747.158059,931.169131,1096.642959,733.967113,761.859376,1166.678179,1309.911915,1002.317606,695.791186,974.742604,1267.689813,646.657251,668.31524,839.930108,709.879863,472.651673,939.024355,989.80249,208.688426,1033.90709,583.003831,210.426803,884.94341
7961,499.926229,1004.85851,774.127944,939.453604,745.102396,1773.113148,1152.920089,264.090363,311.937997,2106.733846,404.847363,405.736471,2009.120018,242.780772,1454.591451,1310.649137,1809.378463,1021.497134,1521.623022,1086.641882,0.0,1006.237806,2255.714236,1407.879369,384.399654,1161.885339,263.535888,1519.545849,663.150919,1016.650281,565.04592,1221.294256,1424.74219,1703.51597,388.19171,1712.351552,447.012033,2122.943841,1338.704899,1692.580135,898.622464,484.004895,1322.658207,414.756237,865.190913,523.010492,596.99046,683.645882,1020.187402,744.475167,1460.654408,1450.309903,1398.656996,1543.458671,1494.09246,975.863831,385.091971,1033.170926,694.434561,905.362648,2249.781497,801.896366,1449.343063,1256.469075,2062.788066,453.172519,795.291085,450.95559,750.072549,569.699512,1222.972146,292.998897,983.036298,1527.460064,290.501691,626.682892,774.663053,1162.220674,1788.778666,1262.376092,1435.78211,1431.379295,473.895705,2057.816275,1641.118876,1204.084221,682.841085,478.193423,451.988366,648.785484,859.185457,1867.609197,496.054339,1500.330763,1422.733654,558.982998,1250.309032,1497.279007,1190.486215,1052.766842,595.002062
83074,986.335868,1512.304793,304.382683,1297.53268,593.745726,2084.752266,692.101042,844.495401,855.19876,2270.308633,1251.274721,1285.863767,1721.101106,823.18581,1217.876371,1774.334282,1521.359551,1676.739424,1927.133738,1276.203759,1006.237806,0.0,2296.77709,620.551612,806.986037,1631.229678,1012.17387,892.801756,1217.215573,1802.309469,1445.173215,1615.130369,747.935285,1663.65317,953.995559,1371.282484,999.662803,2710.829241,889.283422,1671.991642,1706.656213,1364.132191,765.626057,1282.653507,1650.850101,598.921348,1216.017445,1035.074408,1675.429692,568.541575,1635.246963,773.251696,754.41095,866.400465,1206.073547,1110.693909,1143.609929,1685.6625,1127.546096,1315.349559,1961.762585,861.926557,702.387157,1793.548642,1774.769154,1333.299815,251.061685,1331.082886,1183.184084,562.578279,621.520276,1112.321524,1768.695486,850.653159,1035.308885,633.607281,910.502202,816.061509,1963.371222,2048.03528,758.723903,866.654,1354.023001,2378.546234,2426.778064,518.174937,1505.953168,607.911601,1044.555139,1456.819233,1644.844645,1579.590285,717.545266,1172.893019,746.572491,1439.110294,1424.901588,820.472102,1799.216994,1413.541394,510.559509
5227,2484.700029,1383.958893,2344.76615,1361.281907,1836.561066,911.30698,1689.031944,2248.864163,1970.654629,356.717552,2325.422334,2072.270078,894.758105,2227.554572,1130.204552,1198.012323,890.555688,1390.399181,1049.265325,1214.093629,2255.714236,2296.77709,0.0,2002.815205,2315.386392,1245.836717,2278.034884,1611.345903,1637.584592,1426.967057,1923.05337,1254.898702,1713.130229,635.721283,1957.342052,1081.794848,2446.606146,414.052151,1455.953954,624.785448,1697.913475,1799.649969,1549.415331,2255.490344,1418.463951,2232.009977,2569.497965,1572.068354,1353.655638,2115.784466,823.341452,1810.60854,1662.216861,1885.549258,1090.703543,1450.013343,1980.455497,1374.551131,2679.208361,1417.93717,580.952265,2688.430393,1914.091771,1107.635917,659.196678,1830.482345,2338.65923,2134.717482,2734.846349,2278.698997,1703.84054,2051.460636,1300.618566,1705.663369,2159.574669,1962.61341,2737.006038,1740.898214,772.570025,1021.278773,1834.575714,1433.689541,1870.507907,392.015569,642.535988,1839.55691,1769.389807,2128.845637,2436.762166,1720.255872,1583.552215,797.304839,1863.982896,1136.234425,1681.640303,2098.45102,1142.556268,1723.143482,1138.70932,1297.272709,2039.046442
3134,1469.086527,1473.259827,787.133342,1350.978202,712.359004,1951.001116,414.258843,1327.24606,1095.941372,1976.346748,1679.816552,1601.247332,1386.134785,1305.936469,923.914486,1734.267959,1227.397666,1703.691764,1803.681216,1260.199257,1407.879369,620.551612,2002.815205,0.0,1289.736696,1591.163355,1440.715701,514.299603,1335.828851,1920.922747,1752.439139,1575.064046,369.433132,1369.691284,1269.379124,992.780331,1482.413462,2416.867356,600.071802,1378.029757,1877.819182,1671.398115,469.8808,1711.195338,1769.463379,1081.672007,1698.768104,1153.687686,1794.04297,840.155394,1501.495813,316.763647,375.908797,385.684369,912.111662,996.175322,1458.993494,1664.700154,1610.296755,1390.947078,1667.8007,1344.677216,88.723434,1739.578917,1480.807269,1648.68338,733.812344,1646.466451,1665.934743,1045.328938,315.094352,1427.705089,1887.308764,423.725095,1350.692451,860.070332,1393.252861,653.182579,1706.068991,2107.31597,290.121831,569.125665,1669.406566,2084.584349,2403.440685,390.309859,1706.035719,1035.698305,1527.305798,1656.901784,1763.457923,1285.6284,911.82503,878.931134,368.070338,1754.493859,1189.728153,404.228706,1759.150671,1386.573643,909.90052
7421,247.268698,1108.924947,562.477939,999.125761,724.74942,1872.428888,1132.567113,120.309292,371.610153,2207.880984,629.436569,693.337126,2068.792174,192.278111,1514.263607,1484.564605,1869.05062,1246.156852,1637.410337,1146.314039,384.399654,806.986037,2315.386392,1289.736696,0.0,1341.460001,390.335718,1499.192873,722.823076,1304.250936,852.646575,1325.360693,1404.389214,1763.188126,447.863867,1772.023709,260.595633,2410.544496,1337.951396,1752.252292,1186.223119,771.60555,1302.305232,660.815355,1152.791568,261.170106,476.950275,743.318038,1244.847121,624.335489,1520.326564,1429.956927,1378.30402,1523.105695,1553.764616,1035.535987,637.478236,1257.830645,450.909207,965.034805,2309.453654,493.103914,1371.572242,1481.128794,2122.460222,740.773174,596.039316,738.556245,506.547195,307.859126,1202.61917,580.599552,1270.636953,1507.107088,529.177193,607.58265,479.204197,1221.89283,1848.450822,1549.976747,1415.429134,1411.02632,761.49636,2170.567963,1928.719531,1183.731245,970.44174,278.941654,305.487968,936.386139,1146.786112,1927.281354,547.185984,1560.002919,1402.380678,846.583653,1309.981189,1476.926031,1415.145934,1112.438999,446.41669
6969,1510.773639,232.535055,1545.689036,456.940613,1037.483952,689.75433,1272.629828,1274.937772,1067.033887,1023.375028,1203.652809,950.500553,1303.782909,1253.628182,757.876459,216.499027,1109.075995,167.706024,427.472912,415.016515,1161.885339,1631.229678,1245.836717,1591.163355,1341.460001,0.0,1156.26536,1242.587573,618.683201,424.215462,801.283846,173.00908,1308.693995,821.524837,938.394387,1015.636561,1472.679755,1352.716379,1038.461239,810.589003,576.14395,677.880445,1133.013215,1133.72082,347.496015,1364.36438,1447.72844,767.528446,283.329646,1316.707353,550.381651,1441.2321,1250.565011,1516.172818,797.377468,650.936229,907.704947,128.714414,1632.97071,539.311008,1414.439738,1763.571317,1502.439921,162.318965,1234.938635,708.712821,1539.582117,1012.947957,1688.608698,1411.0534,1287.438424,929.691112,362.300844,1347.391075,1140.627003,1163.536296,1780.984338,1009.384242,906.787533,516.152616,1427.607056,1064.931211,748.738382,974.457458,894.8954,1335.235146,647.620282,1319.547311,1462.835775,598.486347,461.782691,1104.02885,1064.905782,803.615771,1269.988453,976.681496,530.961166,1364.871188,167.987316,278.112591,1239.969329
8649,480.618094,999.238531,780.064008,934.504315,801.440693,1767.493168,1209.258386,270.026427,368.276294,2101.113866,286.255756,400.116491,2063.133521,248.716836,1508.604954,1305.029157,1863.391966,1015.877154,1516.003043,1081.692593,263.535888,1012.17387,2278.034884,1440.715701,390.335718,1156.26536,0.0,1575.884146,719.489217,1011.030301,559.42594,1215.674276,1481.080487,1743.587956,444.530007,1766.365055,320.755793,2117.323861,1395.043196,1732.652122,893.002484,478.384915,1378.996505,317.634541,859.570934,528.946556,388.759403,739.984179,1014.567423,750.411231,1500.726394,1506.6482,1454.995293,1599.796968,1548.105963,1032.202128,379.471991,1027.550946,476.705351,961.700945,2303.795001,753.605817,1505.681361,1250.849095,2116.801569,447.552539,801.227149,423.96778,532.343339,575.635576,1279.310443,287.378917,977.416318,1583.798361,346.189608,683.021189,726.372504,1218.558971,1828.850652,1256.756112,1492.120407,1487.717593,468.275726,2052.196295,1635.498896,1260.422518,677.221105,484.129487,365.648129,643.165504,853.565477,1921.622701,552.392636,1554.344266,1479.071951,540.201093,1290.381019,1553.617304,1184.866236,1047.817553,600.938126
3131,1712.804595,1124.684045,1059.383487,1058.811753,824.025484,1559.531814,366.62576,1512.695776,1207.607852,1584.877446,1814.984997,1706.859707,915.1591,1491.386185,532.445184,1360.298923,775.551107,1355.115982,1412.211914,911.623475,1519.545849,892.801756,1611.345903,514.299603,1499.192873,1242.587573,1575.884146,0.0,1108.31068,1611.62542,1614.34845,1223.129182,157.320962,978.221982,1374.991499,534.017364,1710.437759,2025.398054,345.761566,986.560455,1610.247558,1508.777711,227.518144,1837.503086,1501.891755,1353.922152,1895.225157,926.169515,1470.739604,1053.666854,1110.026511,209.748674,177.909101,284.689392,520.64236,714.583703,1548.965147,1316.124372,1882.546899,1115.467017,1219.865429,1616.92736,425.576169,1348.109615,1032.871998,1521.777425,1006.062489,1752.078826,1938.184887,1317.579082,319.931497,1533.317464,1578.011437,104.803502,1462.358931,971.736812,1665.503005,500.980254,1314.599689,1724.758476,236.39049,177.656362,1544.585739,1693.115047,2011.971382,474.556145,1478.517548,1220.251219,1700.593779,1429.383613,1495.886298,876.215377,1023.491511,487.461832,153.832443,1772.528852,798.258851,122.283615,1376.593177,1037.997861,1130.452025
6453,892.136713,438.400846,996.844906,276.302685,623.469847,1149.605813,959.969554,656.300847,448.396962,1496.662458,822.4016,619.898523,1404.931891,634.991256,850.403324,761.787805,1205.190336,599.952842,914.587262,423.490963,663.150919,1217.215573,1637.584592,1335.828851,722.823076,618.683201,719.489217,1108.31068,0.0,725.522887,584.728815,602.583892,1107.432938,1085.386326,319.757461,1108.163425,854.04283,1831.816447,837.200183,1074.450492,682.419323,503.68779,931.752158,752.46961,574.06352,745.727454,1025.198277,255.665878,598.64311,902.693248,842.524764,1239.971044,1049.303954,1314.911761,889.904333,474.359114,477.644685,608.875918,1086.645045,242.211729,1645.59337,1144.934391,1256.392529,781.002166,1458.599939,492.15779,1018.008047,665.117642,1142.283033,792.416474,1030.021611,446.35628,691.908904,1164.173042,521.990077,706.350903,1162.347412,691.933384,1170.649022,971.248698,1226.346,930.654318,514.966103,1447.744888,1349.991482,1017.784287,510.63586,700.910385,844.19885,461.501925,568.058063,1263.42107,583.817706,896.142636,1068.727396,742.909216,632.179388,1179.640734,768.941923,389.615923,761.995813
8589,1419.777511,601.572902,1592.574169,720.947078,1208.563743,952.806962,1545.06345,1183.941645,1044.126224,1268.904052,1058.417751,805.265495,1591.849984,1162.632054,1126.914306,504.566101,1436.414899,283.827256,715.539987,784.054362,1016.650281,1802.309469,1426.967057,1920.922747,1304.250936,424.215462,1011.030301,1611.62542,725.522887,0.0,656.048787,586.694577,1677.731842,1109.591912,915.486724,1384.674407,1331.786094,1266.256033,1407.499086,1098.656077,430.908892,532.645387,1502.051062,988.485761,151.459368,1341.456716,1302.493382,874.368132,240.490983,1487.787144,838.448726,1810.269947,1619.602858,1885.210665,1166.415315,1019.974076,785.428571,295.501048,1487.735652,803.317474,1702.506812,1717.481214,1841.486425,450.38604,1523.005709,563.477762,1613.73731,867.712899,1543.37364,1388.145737,1615.115507,784.456054,153.223731,1716.428921,1025.490197,1302.080165,1690.247901,1277.02728,1194.854608,405.688284,1796.644903,1433.969058,603.503324,1219.986482,784.431069,1602.878183,502.385224,1296.639648,1371.839648,453.251289,316.547632,1392.095925,1179.546968,1172.653618,1639.026299,831.446438,899.999012,1733.909035,384.40318,647.150438,1357.725075
8781,968.17315,665.891384,1213.063354,684.43381,1040.080136,1412.511654,1465.433355,732.337283,664.615409,1746.132352,487.011552,233.859296,1760.909055,711.027693,1208.923615,950.047643,1561.1675,660.89564,1161.021529,831.622088,565.04592,1445.173215,1923.05337,1752.439139,852.646575,801.283846,559.42594,1614.34845,584.728815,656.048787,0.0,882.32713,1613.470709,1435.215259,491.177657,1466.683716,880.181733,1762.342347,1343.237954,1424.279424,373.267403,123.403401,1437.789929,417.079562,504.58942,961.945901,788.996336,795.312006,659.585909,1176.382962,1192.353697,1746.008814,1555.341725,1820.949532,1248.424624,980.396885,354.945708,672.569432,1036.13129,748.2495,1999.017749,1265.876853,1761.85633,895.867582,1812.024318,111.873401,1234.226495,296.3067,1091.769278,1008.634921,1535.485412,332.851692,622.434804,1670.210813,573.885835,979.360304,1238.643539,1197.971155,1520.477955,901.774598,1732.383771,1436.692089,111.444724,1697.214782,1280.517382,1516.597487,322.239592,917.128832,920.235287,288.18399,339.896644,1616.845449,848.731751,1254.662927,1574.765167,260.040238,982.008321,1685.678504,829.884722,722.462381,1026.909857
6339,1494.67433,216.435746,1529.589728,440.841304,1021.384643,686.573142,1256.530519,1258.838464,1050.934579,1033.629787,1267.478845,1014.326589,1135.808471,1237.528873,697.519012,202.347949,936.066916,330.185139,400.133039,398.917207,1221.294256,1615.130369,1254.898702,1575.064046,1325.360693,173.00908,1215.674276,1223.129182,602.583892,586.694577,882.32713,0.0,1292.594686,702.700437,922.295078,966.273576,1456.580447,1440.857756,1022.361931,691.764602,738.623065,776.75639,1116.913906,1197.546856,509.97513,1348.265071,1507.137357,751.429137,426.815985,1300.608044,431.557251,1425.132792,1234.465702,1500.073509,737.020021,634.836921,918.928894,291.193529,1689.182662,523.2117,1295.615337,1747.472008,1486.340613,272.746136,1116.114234,789.756105,1523.482808,1076.773993,1744.820649,1394.954091,1271.339116,989.100029,480.132308,1327.932684,1124.527694,1147.436988,1764.885029,993.284934,787.963133,633.984081,1411.507748,1045.47282,812.564418,984.712217,1012.726865,1319.135837,746.496228,1303.448002,1446.736467,697.362293,624.261806,985.204449,1048.806473,754.852717,1253.889144,1040.507532,460.599111,1345.412797,285.818781,262.013283,1223.87002
3282,1596.470201,1190.790466,914.517015,1070.196697,729.221825,1661.31614,271.822101,1417.892117,1112.804193,1686.661772,1720.181338,1612.056048,1045.186083,1396.582526,634.22951,1451.798599,877.335433,1421.222404,1513.99624,977.729897,1424.74219,747.935285,1713.130229,369.433132,1404.389214,1308.693995,1481.080487,157.320962,1107.432938,1677.731842,1613.470709,1292.594686,0.0,1080.006308,1280.18784,635.80169,1609.797136,2127.18238,317.602442,1088.344781,1649.42327,1507.899969,187.41144,1742.699427,1541.067466,1209.055681,1800.421498,925.291773,1536.846026,958.863195,1211.810837,136.412332,58.128984,211.35305,622.426686,713.705962,1469.80221,1382.230794,1737.680428,1126.85196,1321.649755,1472.060889,280.709698,1449.893941,1134.656324,1520.899684,861.196018,1657.275167,1793.318416,1172.712611,225.127838,1438.513805,1644.117858,115.172365,1367.555272,876.933153,1520.636534,454.748685,1416.384015,1824.84661,122.787288,279.440689,1543.707997,1794.899373,2113.755709,329.689674,1477.639807,1125.44756,1605.79012,1428.505872,1535.06201,977.999703,928.687852,589.246158,50.290525,1765.302575,900.043177,96.130148,1476.681311,1104.104283,1035.648366
4463,1932.501764,831.760627,1792.567884,809.083641,1284.3628,643.297459,1055.908023,1696.665897,1418.456363,609.252826,1820.366974,1567.214718,502.860255,1675.356307,497.080632,708.894479,329.42035,976.878593,760.80747,661.895363,1703.51597,1663.65317,635.721283,1369.691284,1763.188126,821.524837,1743.587956,978.221982,1085.386326,1109.591912,1435.215259,702.700437,1080.006308,0.0,1405.143787,458.282415,1894.40788,1049.773434,822.830034,41.458842,1329.933558,1329.644519,916.29141,1750.434984,1094.229339,1679.811712,2035.051037,1019.870089,940.135051,1563.586201,271.143187,1187.096107,1029.09294,1262.036825,457.579623,897.815077,1428.257231,950.239251,2127.010095,865.738905,613.517084,2136.232127,1280.967851,696.705171,434.01598,1342.644234,1776.913902,1629.662122,2182.648083,1726.500732,1070.716619,1517.013709,983.243422,1082.150935,1607.376403,1410.415144,2184.807772,1107.774293,349.324608,1073.354032,1201.451794,800.56562,1365.452547,717.490427,1140.601235,1206.43299,1299.384357,1576.647371,1884.5639,1250.250422,1215.572299,285.101375,1311.78463,503.110505,1048.516382,1593.395661,550.357519,1099.631048,725.188733,745.074443,1486.848177
