,22089,716,1260,520,2155,392,2739,2025,1552,1557,985,1505,1920,537,395,1667,1332,2229,2536,1785,1347,393,1578,1309,478,2940,2039,2492,926,259,997,2336,399,1353,1055,83119,558,2128,2741,2881,519,1981,341,2004,837,2629,1692,379,2476,2280,589,86816,1580,1786,1240,674,1525,2421,83122,1150,2378,2516,2000,1978,454,1526,1307,21481,1098,421,1891,1596,455,1527,1362,2950,583,1114,1326,371,1619,1524,1215,609,1756,1855,1092,1097,988,86368,1793,2880,865,892,2491,680,2114,480,1413,1699,235
22089,0.0,1125.680182,943.623173,1198.880313,1829.718601,427.189458,1452.162534,1723.184257,1338.453449,1211.001598,740.492698,1943.654103,1130.818896,1140.393353,292.186156,1427.561129,1318.558261,1216.440565,1640.791796,1085.056257,2017.41204,600.973188,2017.351565,1869.001114,911.413766,1606.779446,1752.416627,1563.438276,1949.948243,1022.372432,934.938676,1308.840755,618.305614,1303.263498,1303.257707,1566.812876,641.690143,1253.962168,1415.883139,1595.818566,1285.519731,1146.014576,618.224755,1257.531783,1658.169369,1559.724769,1448.390471,931.920336,1575.738196,1750.069961,756.21562,1462.429804,1850.987899,1246.629683,1986.372886,905.587304,1231.976295,1498.82353,1631.973867,1890.548073,1452.914469,1431.343272,1310.711389,1302.943008,619.461696,1196.129035,1295.887755,1814.569317,778.43252,1314.147086,1112.431594,1811.005114,552.183042,1079.903686,1716.66765,1560.301558,1107.671087,1197.56818,1842.150359,424.616688,1489.974752,1165.694171,1530.885917,835.586251,1751.668609,1583.200821,1873.989935,1841.57375,812.380253,1490.031653,1838.87801,1668.194012,1793.809094,1696.033416,1520.923464,817.514263,1749.660249,553.900455,2047.669841,1149.221439,1067.493554
716,1137.395508,0.0,903.661206,1528.664466,1011.596244,716.643373,978.10278,1836.290977,1466.816266,633.749309,722.024067,2243.734752,1024.67746,1470.177506,851.646675,1674.302815,1565.299946,741.514034,1620.958687,706.439185,2347.196193,542.859643,972.614373,743.320932,1332.53641,1108.307665,934.29427,1457.29684,2279.732396,556.900684,1071.082485,1125.392828,1118.771397,1547.742188,254.558416,1086.122939,965.28296,703.992431,1014.382174,1071.55883,1615.303884,695.012569,1131.848018,1151.390347,597.515675,941.63104,531.340379,1423.368578,1579.055488,931.947604,1079.808437,1096.418465,933.73405,722.737725,2316.157039,1229.180121,522.435243,818.869777,1071.608928,777.182249,1346.773033,818.82565,1204.569953,1196.801573,1110.909937,578.772435,1456.569815,753.915623,738.470553,1643.931238,612.607121,893.751265,1043.631284,673.448521,653.174264,1144.02901,1437.455239,1334.171602,716.470177,1050.066913,489.756098,576.217294,1830.966565,1159.179069,1985.259099,1816.791311,748.309753,728.207926,793.911622,877.514031,921.624161,1045.217493,2123.593247,570.353234,1414.782028,436.078042,931.537892,961.420985,2377.453994,1043.080003,1531.982536
1260,955.338499,903.661206,0.0,1172.909067,1444.051234,943.154644,1204.953035,1013.872865,572.954755,535.630863,233.132937,1411.143369,395.305702,1114.422106,808.151342,805.042757,718.426047,876.012415,816.593027,661.576204,1548.105728,815.288051,1566.996768,1429.765887,976.781011,1278.465583,1366.749259,652.93118,1591.906529,1405.611044,381.799948,557.852226,906.252761,657.767187,771.976275,1312.973194,634.997618,913.534018,1187.056816,1298.409085,1259.548484,801.741363,957.808914,391.180328,1501.17688,1174.057402,998.035674,1093.083236,756.637377,1364.402594,724.053038,1233.60348,1400.633102,538.141548,1512.530518,873.424722,534.646183,1113.156163,1298.459182,1536.213571,577.12546,1045.675904,444.359934,409.122889,780.624595,498.798923,594.696533,1657.576828,165.190653,1288.175839,719.335915,1360.650317,713.345941,371.132832,1266.312853,1181.689869,1081.69984,644.889065,1401.656526,868.009904,1039.619955,468.364059,998.61389,803.423669,1135.693406,967.225619,1493.130494,1559.774043,161.245382,1104.364286,1388.523213,1284.023644,1463.828542,1401.919351,624.357966,580.594328,1363.992882,631.135643,1578.363529,238.714343,1433.815476
520,1167.22751,1528.664466,1172.909067,0.0,2522.384399,1198.411784,2121.029524,845.626609,790.020667,1613.964028,1140.167537,989.908973,1365.97573,58.486961,1063.408482,716.01734,582.222143,1954.34558,1219.111426,1739.909369,913.711134,1215.967964,2501.278838,2271.985397,287.466547,2114.215628,2445.082424,1228.85951,846.247337,1793.594758,825.214667,1523.535866,885.493027,591.71971,1706.241991,2182.223544,563.381506,1991.867183,2084.75013,2168.853505,86.639418,1880.074528,953.745862,1361.850356,2061.153653,2252.390566,2060.004845,424.935338,1154.057825,2442.735758,448.856029,2131.296794,2462.398516,1616.474713,882.67198,454.207436,1612.979348,2191.489327,2150.914365,2293.532357,1274.157616,2124.009069,1347.151507,1242.401896,672.622688,1577.132087,643.535131,2217.553601,1181.416804,115.266773,1797.669079,2422.41573,727.190157,1449.465997,2181.838729,2017.439914,102.901228,686.888671,2245.134642,1123.267044,2018.420563,1546.697223,577.140786,436.134002,816.026758,732.028563,2276.974218,2244.558034,1121.542302,2182.69745,2450.288626,2310.110101,690.108188,2099.0177,1206.148621,1220.498547,2442.326046,651.171194,943.968935,1276.912605,1068.832104
2155,1864.565238,1011.596244,1444.051234,2522.384399,0.0,1728.239617,636.148025,2000.585807,1855.726099,908.420371,1476.784156,2585.758616,1290.900413,2463.897438,1786.871015,1962.257447,2015.223613,613.278037,1592.108811,827.714248,2741.629509,1554.455887,482.346085,537.226555,2326.256343,758.698114,109.995701,1428.446964,2888.704096,1568.496927,1705.986877,1121.685068,2083.596417,1954.564753,959.261353,736.513388,1976.879204,575.756434,672.42742,721.949279,2609.023816,737.141777,2014.022625,1287.405386,850.614298,530.08279,516.623652,2397.21114,1584.665878,151.147544,2073.52837,754.463711,315.982419,965.178585,2706.054299,2222.900054,942.68079,639.696568,721.999377,671.277514,1381.923484,590.866222,1414.087161,1420.085589,2084.7525,963.397245,1891.494099,1075.851564,1363.394667,2637.651171,774.546125,339.015454,2017.473846,1072.918402,582.34897,920.322242,2431.175172,1949.060191,552.310382,1889.907492,521.840146,993.83211,2295.411457,2152.899001,2243.14565,2074.677863,628.194437,710.248441,1510.158515,582.435964,303.87253,592.721895,2760.626109,846.545724,1380.161192,1411.879301,80.058353,1973.017228,2771.88731,1401.981194,2463.291424
392,436.813528,716.643373,943.154644,1198.411784,1728.239617,0.0,1521.710353,1722.715728,1337.98492,912.518603,740.024169,1943.185574,1130.350368,1139.924824,135.003303,1427.0926,1318.089732,1252.900155,1640.323268,1038.463944,2016.943511,173.78373,1689.257745,1459.964304,910.945237,1676.327265,1650.937642,1562.969747,1949.479715,595.182974,934.470148,1290.636985,408.936852,1302.794969,947.336099,1636.360695,641.221614,1290.421758,1485.430958,1665.366385,1285.051202,1178.629103,415.204645,1257.063254,1249.13256,1550.945142,1247.983752,864.189004,1575.269667,1648.590976,755.747091,1531.977623,1650.377423,1001.507019,1985.904357,905.118775,911.533923,1490.043903,1675.346923,1481.511264,1452.44594,1422.563645,1310.242861,1302.47448,618.993167,875.686663,1295.419226,1402.324182,777.963992,1313.678557,1096.223655,1610.394638,551.714513,914.603302,1369.817636,1629.849377,1107.202558,1197.099651,1433.11355,391.740171,1206.399471,845.251799,1530.417388,835.117722,1751.20008,1582.732293,1464.953125,1432.536941,811.911724,1481.252026,1638.267533,1660.911384,1793.340565,1286.996607,1520.454935,408.477454,1648.181264,553.431927,2047.201313,1148.75291,864.473445
2739,1498.551377,978.10278,1204.953035,2121.029524,636.148025,1555.860456,0.0,1535.305519,1390.44581,669.322172,1237.685956,2120.478328,878.955359,2120.021938,1420.857154,1496.977159,1589.968675,374.179837,1105.481576,588.616048,2276.349221,1408.057045,1011.680617,995.478481,2010.690709,191.686076,631.521731,963.166676,2463.449158,1535.003463,1426.924339,701.389789,1717.582556,1529.309815,773.574724,151.719506,1740.967086,336.658235,36.279395,143.656033,2207.668942,498.043578,1648.008764,857.909227,1295.994511,153.392374,516.866639,2031.197279,1119.385589,542.824797,1794.465832,118.315686,845.316951,722.318085,2240.774011,1922.164736,741.811414,468.0345,179.811334,1116.657727,952.427324,159.277131,984.591001,990.589429,1718.738639,724.299046,1536.931346,1521.231777,1124.296468,2236.296297,535.447926,816.52528,1651.459985,833.820203,781.77189,284.174217,2087.299672,1640.313323,982.100682,1523.893631,558.45092,754.73391,1870.156519,1873.836464,1777.865362,1609.397575,1073.57465,1155.628654,1271.060316,135.104683,833.207061,216.031479,2335.371171,1186.654453,914.880904,1173.363321,628.765353,1653.177398,2306.607022,1009.236134,2097.277563
2025,1734.899583,1836.290977,1013.872865,845.626609,2000.585807,1722.715728,1535.305519,0.0,542.58447,1327.340488,1230.319693,602.929894,873.843446,876.589128,1587.712426,325.033983,437.921717,1387.307771,532.234108,1325.188887,759.139696,1734.080573,2251.73958,2164.762255,972.647344,1528.491623,1923.283833,572.138844,1006.507571,2317.898702,919.966955,937.811861,1412.910671,442.898699,1594.232634,1596.499539,1081.494115,1424.829374,1499.026125,1583.129499,932.266026,1435.529255,1544.168872,869.718072,2392.584963,1688.697892,1682.778486,1270.561946,415.91993,1920.937167,966.968638,1545.572789,2085.375914,1163.615461,723.564487,817.596954,1326.355808,1669.690736,1565.19036,2282.569573,688.433611,1602.210478,842.450327,750.269612,1200.040332,1290.508547,543.345964,2590.206599,1163.999893,960.893381,1401.946273,2045.393129,1251.494101,1162.842457,1951.055665,1431.715909,841.656428,635.754341,2148.012529,1647.570988,1724.362767,1260.073683,432.777367,887.598006,279.286389,173.279157,2239.486497,2321.540501,1158.432138,1642.484707,2073.266024,1724.386096,912.48743,2270.906921,620.424616,1579.403568,1920.527455,1169.283802,789.397498,793.210975,1784.315837
1552,1350.168775,1466.816266,572.954755,790.020667,1855.726099,1337.98492,1390.44581,542.58447,0.0,961.33195,752.573191,962.932372,620.651167,789.013081,1202.981618,328.738499,270.21505,1242.448062,488.527712,1071.996608,1099.894731,1305.88483,1992.697856,1879.762428,715.686177,1383.631914,1778.424124,498.275796,1143.695532,1896.207822,425.446719,783.197691,1080.707051,209.55619,1228.224097,1451.63983,749.290495,1279.969665,1354.166416,1438.269791,876.660085,1182.336977,1211.965253,616.525793,2026.576426,1543.838184,1423.736762,1101.461134,423.474111,1776.077458,634.765018,1400.71308,1826.33419,910.423183,1064.319521,536.785987,960.347271,1524.831027,1420.330651,1986.210111,543.573902,1457.350769,601.826944,497.077333,867.836713,924.50001,146.485536,2220.731888,729.939305,905.287439,1145.037002,1786.351405,919.290481,796.833919,1692.013941,1286.8562,756.290815,268.883748,1851.653067,1262.84018,1465.321043,894.065146,550.402893,576.710002,628.065094,459.597307,1943.127035,2025.181039,717.514027,1497.624999,1814.2243,1579.526387,1015.617545,1904.898384,475.564907,1145.34298,1775.667746,837.080183,1130.152532,540.018696,1452.112218
1557,1244.676302,633.749309,535.630863,1613.964028,908.420371,912.518603,669.322172,1327.340488,961.33195,0.0,568.363785,1799.520565,501.234752,1555.477067,1047.521905,1193.419953,1106.803242,340.381553,1075.537531,125.945342,1936.482923,738.734873,1031.365906,944.388581,1417.835972,799.527057,831.118397,911.875683,1980.283725,1190.649992,797.566506,568.607262,1226.05219,1046.144382,391.690966,777.342332,1072.563754,377.903155,705.601566,762.778223,1700.603446,266.110501,1247.146716,627.947639,1188.580244,638.426539,462.404812,1530.649371,1068.094597,828.771731,1165.107999,760.163072,865.00224,165.952159,1900.907714,1314.479683,123.81414,577.5253,762.82832,1062.195899,823.330325,510.045042,681.127245,673.358864,1218.190731,54.976875,983.073729,1387.664932,454.974296,1729.2308,183.705052,825.019455,1150.912077,164.498032,730.681991,728.105282,1522.754801,1040.63982,927.638855,1157.347706,503.989093,85.411739,1386.991086,1244.47863,1476.308609,1307.840822,1019.112823,1101.166827,601.738144,568.733423,852.89235,748.392782,1852.205738,1066.902202,863.589911,504.04115,828.362019,1068.701778,1966.740725,534.129513,1723.153279
985,752.208024,722.024067,233.132937,1140.167537,1476.784156,740.024169,1237.685956,1230.319693,752.573191,568.363785,0.0,1521.710685,466.221706,1081.680577,605.020867,952.278748,843.27588,908.745337,1033.039855,694.309126,1658.673043,633.650913,1476.163583,1248.128749,944.039482,1342.874965,1399.482181,869.378008,1702.235138,1223.973905,349.058419,644.243565,733.583912,825.718121,638.660517,1345.706116,580.095476,946.26694,1231.610377,1331.142007,1226.806955,834.474285,754.678439,592.934593,1319.539742,1206.790324,1030.768596,1038.181094,973.084204,1397.135516,691.311509,1278.157042,1433.366024,582.69511,1623.097833,840.683192,567.379105,1145.889085,1331.192104,1354.576432,788.317279,1078.408826,646.114199,625.569717,725.722453,531.531845,734.545748,1475.93969,113.83533,1255.43431,752.068837,1393.383239,658.443799,415.306495,1156.723474,1246.099251,1048.958311,612.147535,1220.019388,664.879428,990.560013,501.09698,1108.942498,770.68214,1276.386228,1107.91844,1311.493356,1378.136904,71.887556,1137.097208,1421.256134,1316.756566,1550.077072,1220.282213,840.804794,398.957189,1396.725804,576.2335,1688.930844,455.161171,1230.685001
1505,1955.369429,2243.734752,1411.143369,989.908973,2585.758616,1943.185574,2120.478328,602.929894,962.932372,1799.520565,1521.710685,0.0,1365.424534,1020.871492,1808.182272,705.00713,692.717323,1972.48058,1135.164002,1816.769975,273.744639,1954.550419,2743.320667,2656.343343,1132.543396,2105.048508,2508.456642,1175.068737,521.112514,2538.368548,1194.584213,1522.98467,1633.380517,753.376183,2066.412712,2173.056424,1301.963961,2010.002183,2084.198934,2159.686385,968.125397,1927.110343,1764.638718,1361.299159,2799.736108,2273.870701,2174.359573,1414.84431,1018.849823,2506.109976,1187.438483,2123.553219,2576.957001,1655.196549,238.169429,1038.0668,1798.535885,2254.863545,2141.747246,2774.150661,1273.60642,2187.383287,1346.60031,1241.850699,1420.510178,1762.688625,838.824066,2956.136056,1568.12792,1105.175745,1893.527361,2536.974216,1471.963947,1635.022534,2442.636753,2008.272795,985.938792,909.56315,2639.593616,1868.040834,2215.943854,1732.253761,435.133971,1108.067852,361.521501,513.413414,2731.067585,2813.121588,1503.085449,2227.657516,2564.847112,2300.942981,480.641439,2741.992897,1205.597425,1920.667873,2505.700264,1389.753648,304.00244,1284.792062,2004.785683
1920,1142.534223,1024.67746,395.305702,1365.97573,1290.900413,1130.350368,878.955359,873.843446,620.651167,501.234752,466.221706,1365.424534,0.0,1332.190126,995.347065,741.923365,834.914881,677.622376,602.052187,496.856019,1521.295426,1002.483775,1423.406712,1336.429387,1194.549031,933.621785,1213.598438,438.39034,1708.395364,1581.578144,574.279564,178.021859,1123.910111,774.256021,782.619118,993.605701,942.081599,715.143979,842.675964,988.259662,1452.615148,607.196387,1145.004637,126.712887,1580.62105,1020.90658,854.445618,1323.72913,594.609254,1211.251772,941.821058,889.222629,1257.043046,335.282593,1485.720217,1091.192741,514.742291,960.005341,970.320523,1454.236705,322.095573,892.525083,179.892493,172.124113,1069.295032,478.895031,756.149274,1778.593083,352.386376,1481.242503,573.613406,1217.060261,1020.429922,351.22894,1122.722797,836.846071,1299.46786,813.715366,1319.679661,1055.205627,896.029899,448.460167,1115.102724,1021.191689,1022.811568,854.34378,1411.153629,1493.207633,499.150224,951.213464,1244.933156,1094.986837,1580.317377,1458.943008,390.104568,767.790051,1210.84206,938.219623,1551.553228,156.59136,1621.0112
537,1152.108679,1470.177506,1114.422106,58.486961,2463.897438,1139.924824,2120.021938,876.589128,789.013081,1555.477067,1081.680577,1020.871492,1332.190126,0.0,1004.921522,715.009754,581.214557,1895.85862,1218.10384,1681.422409,944.673653,1157.481004,2442.791878,2213.498437,228.979587,2113.208042,2386.595464,1227.851924,877.209857,1735.107798,766.727707,1494.73665,827.006067,590.712124,1647.755031,2181.215958,504.894546,1933.380222,2083.742544,2167.845919,145.126379,1821.587568,958.264268,1328.064752,2002.666693,2193.903606,2001.517884,483.422298,1153.050239,2384.248798,390.369069,2130.289208,2403.911555,1557.987753,913.634499,395.720475,1554.492388,2133.002367,2149.906779,2235.045396,1273.15003,2065.522109,1313.365903,1208.616291,614.135728,1518.645127,642.527545,2159.066641,1122.929844,173.753733,1739.182119,2363.92877,668.703197,1390.979036,2123.351769,2016.432328,56.727214,681.45669,2186.647682,1064.780084,1959.933603,1488.210263,608.103306,377.647042,846.989277,762.991082,2218.487258,2186.071074,1063.055341,2124.21049,2391.801666,2303.869849,721.070707,2040.53074,1205.141035,1162.011587,2383.839086,592.684233,974.931455,1218.425645,1127.319064
395,333.295537,851.646675,808.151342,1063.408482,1764.263118,135.003303,1386.70705,1587.712426,1202.981618,1047.521905,605.020867,1808.182272,995.347065,1004.921522,0.0,1292.089298,1183.08643,1150.985081,1505.319965,1019.600774,1881.940209,308.787032,1824.261047,1594.967607,775.941935,1541.323963,1686.961143,1427.966445,1814.476412,730.186277,799.466845,1173.368924,365.296443,1167.791667,1082.339401,1501.357393,506.218312,1188.506684,1350.427656,1530.363082,1150.0479,1080.559093,371.564237,1122.059952,1384.135862,1494.269286,1382.934988,796.448505,1440.266365,1684.614478,620.743789,1396.97432,1785.380725,1111.820469,1850.901055,770.115473,1046.537226,1433.368047,1566.518384,1616.514566,1317.442638,1365.887788,1175.239558,1167.471177,483.989865,1010.689965,1160.415924,1537.327484,642.960689,1178.675255,1046.976111,1745.39794,416.711211,944.431855,1504.820939,1494.846075,972.199256,1062.096349,1568.116852,289.144857,1341.402773,980.255101,1395.414086,700.11442,1616.196778,1447.72899,1599.956428,1567.540244,676.908422,1424.57617,1773.270835,1602.738528,1658.337263,1421.999909,1385.451633,543.480756,1684.204766,418.428624,1912.19801,1013.749608,820.833036
1667,1439.276455,1674.302815,805.042757,716.01734,1962.257447,1427.0926,1496.977159,325.033983,328.738499,1193.419953,952.278748,705.00713,741.923365,715.009754,1292.089298,0.0,184.956492,1348.979411,595.05906,1193.268806,858.545362,1438.457445,2119.819498,2032.842174,700.874017,1490.163262,1884.955473,604.807145,1058.436974,2022.275574,625.152276,899.483501,1117.287543,147.275571,1460.3121,1558.171179,785.870987,1386.501014,1460.697765,1544.801139,802.656758,1303.609174,1248.545744,737.79799,2258.664428,1650.369532,1550.858404,1138.041626,530.00546,1882.608807,671.345509,1507.244429,1953.455832,1031.69538,822.970153,521.973826,1192.435273,1631.362376,1526.862,2150.649492,650.105251,1563.882118,723.099141,618.34953,904.417204,1156.588013,247.722835,2428.218437,962.027308,831.284113,1270.026192,1913.473047,955.870973,1028.921922,1819.135584,1393.387549,682.287488,340.131213,2016.092447,1351.94786,1592.442685,1126.153149,423.679458,591.974878,360.061504,191.593717,2107.566416,2189.620419,933.653512,1604.156347,1941.345943,1686.057736,930.358987,2136.986386,582.096256,1351.235937,1882.199095,873.660674,888.803164,661.290893,1488.692709
1332,1330.273587,1565.299946,718.426047,582.222143,2015.223613,1318.089732,1589.968675,437.921717,270.21505,1106.803242,843.27588,692.717323,834.914881,581.214557,1183.08643,184.956492,0.0,1441.970927,688.050577,1232.748584,829.679681,1329.454577,2138.169148,2025.23372,584.081999,1583.154779,1937.921639,697.798661,924.641777,1913.272706,516.149408,992.475017,1008.284674,60.658861,1373.695389,1651.162695,676.868118,1479.49253,1553.689281,1637.792656,668.861561,1372.913743,1139.542876,830.789507,2162.815621,1743.361049,1569.208054,1007.157481,622.996976,1935.574973,562.342641,1600.235946,1971.805482,1109.313927,794.104472,412.970958,1105.818563,1684.328542,1619.853516,2131.681403,743.096767,1616.848284,816.090658,711.341047,795.414336,1069.971302,146.106743,2319.215569,875.410597,697.488916,1290.508294,1931.822697,846.868105,942.305211,1837.485233,1486.379065,548.492291,231.128345,1997.124359,1242.944992,1610.792335,1039.536438,331.349138,482.97201,433.110348,264.642561,2088.598327,2170.652331,824.650644,1675.536665,1959.695592,1779.049252,796.56379,2050.369676,675.087772,1242.233068,1935.165261,764.657806,859.937483,754.28241,1379.689841
2229,1251.287202,741.514034,876.012415,1954.34558,613.278037,1252.900155,374.179837,1387.307771,1242.448062,340.381553,908.745337,1972.48058,677.622376,1895.85862,1173.592978,1348.979411,1441.970927,0.0,978.830775,214.436211,2128.351472,1079.116426,886.006417,858.613166,1758.217524,499.29069,535.976062,815.168928,2315.45141,1298.414717,1137.948058,508.407031,1470.318381,1381.312067,519.316793,482.199997,1412.945306,37.521603,388.026103,467.635888,2040.984998,165.257895,1400.744588,674.12735,1124.120451,343.284205,380.001324,1783.933104,971.387841,533.629397,1505.489552,434.572767,719.642751,376.009637,2092.776263,1654.861235,417.462382,282.382966,467.685985,979.792412,768.645447,214.902707,800.809124,806.807552,1471.474463,395.358427,1323.455281,1358.008806,795.355848,2069.612352,161.268089,679.659965,1404.195809,504.879584,644.906576,402.514977,1863.136353,1381.021372,845.235367,1276.629456,421.585606,425.793291,1722.158771,1584.860183,1629.867614,1461.399827,936.709336,1018.763339,942.119696,273.591089,707.532861,453.250447,2187.373423,1002.442409,766.883155,844.422702,533.219685,1405.913223,2158.609274,788.703158,1850.013388
2536,1652.507123,1620.958687,816.593027,1219.111426,1592.108811,1640.323268,1105.481576,532.234108,488.527712,1075.537531,1033.039855,1135.164002,602.052187,1218.10384,1505.319965,595.05906,688.050577,978.830775,0.0,996.566382,1291.373804,1598.765002,1864.837191,1837.44394,1199.146828,1052.467845,1514.806837,163.661848,1538.741679,2177.85937,727.785066,529.334864,1389.581387,627.391717,1378.900344,1120.475761,1058.164831,1016.352378,1069.202181,1107.105722,1305.750844,1057.524701,1520.839589,475.339301,2086.076028,1258.873949,1358.832098,1431.145147,116.314179,1512.460171,1032.01072,1070.972555,1698.473525,931.989968,1255.798595,1020.246637,1111.023518,1261.21374,1089.166583,1958.623186,279.956615,1193.733482,433.973331,447.959185,1176.711048,1053.550662,635.013247,2319.964383,948.667603,1334.378198,1023.941719,1658.49074,1228.164817,947.510167,1623.73735,955.692131,1185.381574,738.395225,1824.066141,1565.178527,1400.41638,1044.741393,965.011475,1017.313163,811.520497,669.51922,1915.54011,1997.594114,961.1523,1212.660764,1686.363635,1248.362318,1433.453072,1964.397986,211.94762,1364.071278,1512.050459,1145.954518,1321.631606,577.878685,1781.79623
1785,1119.902894,706.439185,661.576204,1739.909369,827.714248,1038.463944,588.616048,1325.188887,1071.996608,125.945342,694.309126,1816.769975,496.856019,1681.422409,1042.208671,1193.268806,1232.748584,214.436211,996.566382,0.0,1972.640867,864.680215,1009.602597,922.625272,1543.781313,698.935655,750.412273,832.904534,2106.229066,1263.339868,923.511847,491.094827,1338.934073,1172.089723,451.880769,696.636208,1198.509095,251.957814,587.671067,682.072099,1826.548787,144.010223,1269.360281,623.568906,1166.816935,557.720416,440.641502,1652.548796,989.123448,748.065608,1291.053341,634.217731,843.238931,161.573426,1937.065658,1440.425024,249.759481,496.819177,682.122196,1040.43259,761.176232,429.338918,676.748512,668.980131,1340.090155,180.922216,1109.01907,1400.70529,580.919637,1855.176141,110.427241,803.256145,1272.811502,290.443373,708.918682,602.159941,1648.700143,1166.585161,905.875545,1145.245148,482.225784,211.35708,1512.936427,1370.423972,1474.157009,1305.689221,997.349514,1079.403518,727.683485,488.0273,831.129041,667.686658,1978.151079,1045.138893,784.618762,629.986491,747.655896,1194.647119,2002.898669,607.936801,1718.62908
1347,2029.127366,2347.196193,1548.105728,913.711134,2741.629509,2016.943511,2276.349221,759.139696,1099.894731,1936.482923,1658.673043,273.744639,1521.295426,944.673653,1881.940209,858.545362,829.679681,2128.351472,1291.373804,1972.640867,0.0,2034.499691,2899.19156,2812.214235,1105.998274,2261.25831,2664.327534,1331.278539,306.959918,2612.126485,1331.546571,1678.855562,1704.024754,890.338541,2203.37507,2329.266226,1381.913233,2165.873075,2240.069826,2315.896187,882.243518,2082.981235,1835.282956,1517.170052,2879.68538,2429.741594,2330.230466,1338.646471,1175.059626,2661.980869,1267.387756,2279.763021,2732.827894,1811.067441,92.85604,1131.865807,1935.498243,2410.734438,2297.957048,2930.021553,1429.477312,2343.254179,1502.471203,1397.721592,1491.154415,1899.650983,975.786424,3036.085328,1705.090278,1028.977907,2049.398254,2692.845109,1545.721884,1771.984892,2598.507645,2164.482597,909.740954,1046.525508,2795.464509,1941.798771,2371.814747,1869.216119,572.096329,1201.86686,498.483859,666.951646,2886.938477,2968.992481,1640.047807,2383.528409,2720.718004,2457.152784,266.488844,2878.955255,1361.468318,2039.030274,2661.571157,1469.702921,30.257802,1440.662955,1982.543237
393,610.597257,542.859643,815.288051,1215.967964,1554.455887,173.78373,1408.057045,1734.080573,1305.88483,738.734873,633.650913,1954.550419,1002.483775,1157.481004,308.787032,1438.457445,1329.454577,1079.116426,1598.765002,864.680215,2034.499691,0.0,1515.474015,1286.180575,1019.839909,1538.26193,1477.153912,1435.103154,1967.035895,590.322993,902.370057,1116.853255,582.720582,1314.159814,773.552369,1516.077205,652.586459,1116.638028,1444.336439,1501.513096,1302.607382,1004.845374,588.988375,1129.196662,1075.34883,1377.161412,1074.200022,1037.972734,1543.169577,1474.807247,767.111936,1498.897945,1476.593693,827.723289,2003.460537,916.48362,737.750194,1316.260173,1501.563193,1307.727534,1324.579348,1248.779915,1182.376268,1174.607887,792.776897,701.902933,1287.857387,1231.748778,650.097399,1331.234737,922.439925,1436.610908,725.498243,740.819573,1196.033907,1466.840155,1124.758738,1165.459174,1259.32982,565.523901,1032.615741,671.468069,1541.782233,846.482567,1762.564925,1594.097137,1291.169396,1258.753212,705.538468,1307.468296,1464.483803,1487.127655,1810.896745,1113.212877,1392.588342,234.693724,1474.397535,648.724484,2064.757493,1020.886317,989.122893
1578,2052.198202,972.614373,1566.996768,2501.278838,482.346085,1689.257745,1011.680617,2251.73958,1992.697856,1031.365906,1476.163583,2743.320667,1423.406712,2442.791878,1824.261047,2119.819498,2138.169148,886.006417,1864.837191,1009.602597,2899.19156,1515.474015,0.0,241.06037,2305.150782,1134.230705,380.158886,1701.175344,3011.64963,1529.515056,1825.222001,1394.413448,2091.385769,2077.510288,923.024777,1112.04598,1937.897333,848.484814,1047.960011,1097.481871,2587.918256,987.32542,2104.46239,1550.119599,554.448113,883.138779,621.530239,2395.98295,1857.394257,505.718111,2052.42281,1129.996302,166.363666,1088.124119,2863.61635,2201.794493,1047.587376,912.424947,1097.531968,337.908622,1654.651863,863.594601,1603.299205,1595.530824,2083.52431,1086.34278,2014.439634,778.602544,1486.340202,2616.545611,904.919972,219.430385,2016.245656,1195.863937,511.041356,1288.521393,2410.069612,2072.005725,256.144196,2022.681285,604.106598,1113.869501,2418.356991,2131.793441,2400.707701,2232.239914,332.028252,386.882945,1548.051138,918.202638,193.771134,968.254486,2883.571643,550.379539,1652.889571,1375.642725,410.096235,1934.035357,2929.449361,1534.487493,2504.596908
1309,1880.71644,743.320932,1429.765887,2271.985397,537.226555,1459.964304,995.478481,2164.762255,1879.762428,944.388581,1248.128749,2656.343343,1336.429387,2213.498437,1594.967607,2032.842174,2025.23372,858.613166,1837.44394,922.625272,2812.214235,1286.180575,241.06037,0.0,2075.857342,1124.701077,435.039356,1673.782093,2898.714203,1300.221615,1597.187167,1336.412811,1862.092328,1964.57486,694.989943,1102.516351,1708.603892,821.091563,1031.757875,1087.952242,2358.624815,900.348096,1875.168949,1463.142274,363.137729,873.609151,481.98377,2166.689509,1830.001007,560.598581,1823.129369,1113.794166,221.244136,1001.146795,2776.639026,1972.501052,919.415158,885.031697,1088.00234,183.800944,1606.494215,836.201351,1516.32188,1508.5535,1854.230869,988.252423,1901.504206,588.374995,1264.575235,2387.25217,817.942647,274.310855,1786.952215,1082.928509,283.006521,1261.128142,2180.776171,1860.276284,92.437087,1793.387844,440.399489,985.697282,2305.421563,1902.5,2313.730377,2145.26259,140.717868,222.771872,1320.016304,894.889732,301.786238,958.724858,2770.636216,342.53432,1625.496321,1147.607891,464.976705,1704.741916,2842.472037,1447.510169,2275.303467
478,923.129092,1332.53641,976.781011,287.466547,2326.256343,910.945237,2005.93466,972.647344,715.686177,1417.835972,944.039482,1132.543396,1194.549031,228.979587,775.941935,700.874017,584.081999,1758.217524,1199.146828,1543.781313,1105.998274,1019.839909,2305.150782,2075.857342,0.0,2077.708911,2248.954369,1208.894912,1038.534478,1506.128211,629.086612,1357.095555,598.02648,576.576386,1510.113935,2120.585003,367.25345,1795.739127,1969.655266,2132.346788,374.105965,1683.946472,729.284682,1190.423656,1865.025597,2056.262511,1863.876789,596.816031,1134.093227,2246.607703,252.727973,2016.20193,2266.27046,1420.346657,1074.95912,258.07938,1416.851292,1995.361272,2114.407649,2097.404301,1238.977766,1927.881014,1175.724807,1070.975196,385.156142,1381.004032,569.200642,2021.425545,985.288749,402.73332,1601.541024,2226.287675,439.72361,1253.337941,1985.710674,1980.933198,196.257321,543.815595,2049.006587,835.800497,1822.292508,1350.569168,719.77521,240.005947,958.661181,799.368188,2080.846163,2048.429979,925.414246,1986.569395,2254.16057,2166.228753,882.395328,1902.889644,1186.184023,1024.370491,2246.197991,441.441023,1136.256076,1080.78455,947.467115
2940,1653.16829,1108.307665,1278.465583,2114.215628,758.698114,1710.477369,191.686076,1528.491623,1383.631914,799.527057,1342.874965,2105.048508,933.621785,2113.208042,1575.474066,1490.163262,1583.154779,499.29069,1052.467845,698.935655,2261.25831,1538.26193,1134.230705,1124.701077,2077.708911,0.0,754.071819,956.352779,2456.635262,1665.208348,1457.439445,762.132334,1872.199469,1522.495919,903.779609,123.189229,1825.24148,466.86312,190.896308,54.637877,2200.855046,628.248463,1802.625677,887.285256,1426.199397,275.942462,647.071525,2185.814192,1112.571693,665.374886,1824.980939,147.848112,967.867039,797.303279,2225.683101,1915.350839,872.016299,598.239385,36.698738,1246.862612,956.363443,289.482016,1013.96703,1019.965458,1873.355551,854.503931,1530.117449,1651.436663,1229.485477,2229.4824,645.767532,945.747877,1806.076897,964.025088,910.994487,192.267442,2080.485776,1633.499427,1112.305568,1678.510544,688.655806,884.938796,1863.342622,1904.35157,1771.051465,1602.583678,1203.779536,1285.83354,1376.249325,265.309568,955.75715,195.894474,2328.557274,1316.859338,908.067007,1303.568207,751.315442,1807.794311,2291.516112,1039.75124,2251.894476
2039,1787.263264,934.29427,1366.749259,2445.082424,109.995701,1650.937642,631.521731,1923.283833,1778.424124,831.118397,1399.482181,2508.456642,1213.598438,2386.595464,1709.56904,1884.955473,1937.921639,535.976062,1514.806837,750.412273,2664.327534,1477.153912,380.158886,435.039356,2248.954369,754.071819,0.0,1351.144989,2811.402121,1491.194953,1628.684902,1044.383093,2006.294443,1877.262779,881.959378,731.887094,1899.577229,498.45446,667.801125,717.322985,2531.721842,659.839802,1936.72065,1210.103412,748.427099,502.979893,439.321678,2319.909166,1507.363903,125.559225,1996.226396,749.837416,213.795221,887.87661,2628.752325,2145.598079,865.378815,562.394593,717.373082,569.090315,1304.621509,513.564247,1336.785186,1342.783614,2007.450525,886.095271,1814.192125,973.664365,1286.092693,2560.349197,697.24415,229.019753,1940.171871,995.616428,505.046995,915.695947,2353.873198,1871.758216,450.123183,1812.605517,444.538172,916.530135,2218.109482,2075.597027,2165.843676,1997.375888,526.007238,608.061242,1432.856541,538.043752,201.685331,588.0956,2683.324134,744.358525,1302.859217,1334.577326,29.937349,1895.715254,2694.585336,1324.679219,2385.98945
2492,1575.153602,1457.29684,652.93118,1228.85951,1428.446964,1562.969747,963.166676,572.138844,498.275796,911.875683,869.378008,1175.068737,438.39034,1227.851924,1427.966445,604.807145,697.798661,815.168928,163.661848,832.904534,1331.278539,1435.103154,1701.175344,1673.782093,1208.894912,956.352779,1351.144989,0.0,1571.279144,2014.197523,661.225122,365.673017,1369.110928,637.139801,1215.238497,1024.360695,1037.694372,852.69053,926.887281,1010.990656,1315.498928,893.862853,1500.36913,311.677453,1922.414181,1116.559049,1195.170251,1410.674688,156.218914,1348.798324,1028.766616,973.433946,1534.811678,768.328121,1295.70333,1029.994721,947.361671,1097.551893,993.051517,1794.961339,116.294768,1030.071634,270.311484,284.297338,1156.24059,889.888814,644.761331,2156.302536,785.005756,1344.126283,860.279871,1494.828892,1185.697815,783.84832,1460.075503,859.577065,1195.129658,748.143309,1660.404294,1487.825007,1236.754533,881.079546,977.986505,1027.061247,851.425232,709.423955,1751.878263,1833.932267,797.490453,1070.345864,1522.701788,1152.247252,1443.201157,1800.736139,48.285773,1200.409431,1348.388612,1103.487517,1361.536341,414.216838,1761.325772
926,1961.66357,2279.732396,1591.906529,846.247337,2888.704096,1949.479715,2463.449158,1006.507571,1143.695532,1980.283725,1702.235138,521.112514,1708.395364,877.209857,1814.476412,1058.436974,924.641777,2315.45141,1538.741679,2106.229066,306.959918,1967.035895,3011.64963,2898.714203,1038.534478,2456.635262,2811.402121,1571.279144,0.0,2544.662688,1375.108666,1865.9555,1636.560957,934.139343,2247.175872,2524.643178,1314.449436,2352.973013,2427.169764,2511.273139,814.779721,2246.394225,1767.819159,1704.269989,2812.221584,2616.841531,2442.688536,1271.182675,1422.427501,2809.055456,1199.923959,2473.716428,2845.285964,1982.79441,282.943085,1064.402011,1979.299045,2557.809025,2493.333999,3005.161886,1616.57725,2490.328766,1689.57114,1584.821529,1423.690619,1943.451785,1019.587226,2968.621532,1748.89108,961.51411,2163.988777,2805.303179,1478.258087,1815.785694,2710.965716,2359.859548,842.277157,1090.087603,2870.604841,1874.334974,2484.272817,1913.016921,702.333837,1134.403063,745.851734,914.319521,2962.07881,2995.625965,1683.609902,2549.017148,2833.176075,2652.529735,156.13915,2850.08563,1548.568255,1971.566477,2808.645744,1402.239124,337.21772,1627.762893,1915.079441
259,1031.996501,556.900684,1405.611044,1793.594758,1568.496927,595.182974,1535.003463,2317.898702,1896.207822,1190.649992,1223.973905,2538.368548,1581.578144,1735.107798,730.186277,2022.275574,1913.272706,1298.414717,2177.85937,1263.339868,2612.126485,590.322993,1529.515056,1300.221615,1506.128211,1665.208348,1491.194953,2014.197523,2544.662688,0.0,1492.69305,1682.293511,1004.119826,1897.977943,811.459099,1643.023622,1236.404588,1260.893114,1571.282857,1628.459513,1880.234176,1251.913252,1010.387619,1708.29103,1089.389871,1498.531723,1088.241063,1459.371978,2133.492569,1488.848287,1350.930065,1653.319148,1490.634733,1279.638408,2581.087331,1500.301749,1079.335926,1375.77046,1628.509611,1321.768574,1903.673716,1375.726333,1761.470636,1753.702256,1214.176141,1135.673118,1878.180379,1193.117942,1240.420391,1908.861531,1169.507804,1450.651948,1146.897487,1230.349204,1210.074947,1700.929693,1702.385532,1755.782166,1273.37086,986.923145,1046.656781,1133.117977,2125.600362,1430.300696,2346.383054,2177.915266,1305.210436,1272.794252,1295.86146,1434.414714,1478.524844,1602.118176,2388.523539,1127.253918,1971.682711,825.016717,1488.438575,1148.6149,2642.384286,1599.980686,1058.468882
997,946.654003,1071.082485,381.799948,825.214667,1705.986877,934.470148,1426.924339,919.966955,425.446719,797.566506,349.058419,1194.584213,574.279564,766.727707,799.466845,625.152276,516.149408,1137.948058,727.785066,923.511847,1331.546571,902.370057,1825.222001,1597.187167,629.086612,1457.439445,1628.684902,661.225122,1375.108666,1492.69305,0.0,736.826088,716.702952,498.591649,987.718935,1525.447361,385.286396,1175.469661,1390.644944,1512.077322,911.854085,1063.677006,847.961153,570.15419,1668.59816,1435.993044,1259.971317,758.266712,662.731466,1626.338236,376.358639,1437.191609,1662.568745,800.077191,1295.971361,525.730323,796.581826,1375.091805,1494.138182,1703.63485,618.7083,1307.611547,555.455341,450.70573,503.832613,760.734565,407.419276,1824.998108,454.485053,940.48144,981.271557,1622.58596,555.286382,633.068475,1505.781892,1360.663731,734.005441,285.021063,1569.077806,859.325407,1301.555598,730.299701,781.816026,455.72927,949.259755,780.791968,1660.551774,1727.195322,330.433183,1366.299928,1650.458855,1545.959287,1222.9506,1569.340631,632.651908,748.015607,1625.928524,473.076083,1361.804372,460.515083,1108.917795
2336,1320.556081,1125.392828,557.852226,1523.535866,1121.685068,1290.636985,701.389789,937.811861,783.197691,568.607262,644.243565,1522.98467,178.021859,1494.73665,1173.368924,899.483501,992.475017,508.407031,529.334864,491.094827,1678.855562,1116.853255,1394.413448,1336.412811,1357.095555,762.132334,1044.383093,365.673017,1865.9555,1682.293511,736.826088,0.0,1301.93197,931.816157,876.518868,816.040132,1104.628123,545.928634,665.110395,816.770211,1610.175284,552.053146,1323.026496,166.671899,1580.604473,847.466835,854.429041,1486.275654,521.891931,1042.036428,1104.367582,711.657059,1228.049782,402.655104,1643.280353,1253.739265,615.457659,790.789997,798.831071,1454.220128,270.081405,723.309738,294.428352,300.42678,1231.841556,546.620393,918.695798,1814.492828,530.408235,1638.802639,518.470164,1188.066996,1182.976446,452.188616,1122.70622,665.35662,1462.014384,976.26189,1319.663084,1233.227486,896.013322,549.419843,1272.66286,1183.738213,1180.371704,1011.903916,1411.137052,1493.191056,677.172083,777.773719,1215.939892,917.421267,1737.877513,1458.926431,317.387245,882.159531,1041.626716,1100.766147,1709.113363,319.137884,1799.033058
399,428.231799,1118.771397,906.252761,885.493027,2090.382575,408.936852,1712.826508,1412.910671,1080.707051,1226.05219,733.583912,1633.380517,1123.910111,827.006067,365.296443,1117.287543,1008.284674,1477.104539,1389.581387,1345.720231,1704.024754,582.720582,2091.385769,1862.092328,598.02648,1867.44342,2013.080601,1369.110928,1636.560957,1004.119826,716.702952,1301.93197,0.0,992.989912,1296.348922,1827.47685,362.906807,1514.626142,1676.547113,1856.48254,972.132445,1406.67855,353.631133,1209.211368,1651.260584,1820.388743,1650.111776,566.181919,1324.527786,2010.733935,445.942034,1723.093778,2052.505447,1240.383515,1672.9856,595.313717,1225.06751,1759.487504,1892.637841,1883.639288,1317.918029,1692.007246,1254.66507,1149.915459,212.870339,1189.22025,985.614168,1807.660532,771.523735,1000.759799,1373.095568,2012.522661,192.906821,1072.9949,1771.94566,1820.965532,794.283801,887.294594,1835.241573,383.158443,1608.527494,1158.785385,1220.61233,525.312665,1441.395022,1272.927235,1867.081149,1834.664965,805.471467,1750.695627,2040.395557,1928.857986,1480.421808,1689.124631,1340.537714,810.605478,2010.324223,275.117119,1734.282555,1090.777215,829.637695
1353,1314.978824,1547.742188,657.767187,591.71971,1954.564753,1302.794969,1529.309815,442.898699,209.55619,1046.144382,825.718121,753.376183,774.256021,590.712124,1167.791667,147.275571,60.658861,1381.312067,627.391717,1172.089723,890.338541,1314.159814,2077.510288,1964.57486,576.576386,1522.495919,1877.262779,637.139801,934.139343,1897.977943,498.591649,931.816157,992.989912,0.0,1313.036529,1590.503835,661.573356,1418.83367,1493.030421,1577.133796,678.359127,1312.254883,1124.248114,770.130647,2111.388857,1682.702189,1508.549193,1013.743995,562.338116,1874.916113,547.047879,1539.577085,1911.146622,1048.655067,854.763332,397.676195,1045.159702,1623.669682,1559.194656,2071.022543,682.437907,1556.189424,755.431798,650.682186,780.119573,1009.312442,100.447265,2301.657811,814.751737,706.986482,1229.849434,1871.163836,831.573342,881.646351,1776.826373,1425.720205,557.989857,215.833582,1936.465499,1227.650229,1550.133475,978.877578,340.846704,467.677247,477.92622,309.458433,2027.939467,2109.993471,802.326459,1614.877805,1899.036732,1718.390392,806.061356,1989.710816,614.428912,1224.67531,1874.506401,749.363043,920.596343,693.62355,1364.395078
