,22089,686,83119,1640,2155,2501,839,1412,2336,2342,2635,2978,837,2512,1935,1527,1908,21526,538,471,1351,2005,241,1114,1876,2724,2124,1261,1675,421,2000,2125,1914,636,1888,606,83123,327,21483,1390,1641,2284,2557,1524,94,383,63,1692,2001,716,737,1792,310,455,1746,952,1303,1773,1859,605,1185,1573,2075,1172,380,2725,1531,1794,2387,22014,1307,1980,86821,1426,1384,347,21481,1106,437,2483,1150,2116,1787,1909,21492,1218,86810,240,1260,312,1587,1363,2876,1578,1777,1354,2231,1699,405,2302,1978
22089,0.0,537.534877,1566.812876,1704.536597,1829.718601,1510.70994,1685.471411,2069.764083,1308.840755,1268.105967,1526.401967,1557.216105,1658.169369,1520.732276,1430.896015,1079.903686,1178.924146,2251.182859,1176.973352,598.059348,1299.561702,1325.009662,1022.834433,1197.56818,1206.5105,1489.874396,1546.25555,996.691975,1287.26983,1314.147086,1310.711389,1372.455326,1805.676548,1075.991599,1422.810152,1600.270082,1582.05675,776.206407,1754.24223,1456.288847,1713.675924,1639.600636,1431.764867,1165.694171,1430.197284,681.443303,1340.66385,1448.390471,1302.36483,1125.680182,1335.526664,1769.982597,807.593116,552.183042,1134.230323,1788.723145,1264.368059,1368.440779,1704.971684,826.795507,1593.313923,1437.31419,1708.59809,1224.96394,1239.412415,1487.992496,1424.578361,1849.336185,1721.631713,1864.569231,1295.887755,1091.200329,1474.902287,1416.051514,1150.064949,894.457548,1814.569317,1545.475103,412.271899,1630.279936,1890.548073,1459.957632,1223.941187,1230.211381,2854.077102,1334.738748,1465.377862,1326.411048,943.623173,728.830321,1304.22356,1452.036671,1617.408428,2017.351565,1394.484589,1352.315115,1223.75227,1149.221439,613.542903,1796.936455,1302.943008
686,549.250204,0.0,1472.76843,1372.443632,1603.846469,1284.837808,1291.164828,1811.402931,771.305878,730.57109,1300.529835,1310.49702,1263.862787,983.197399,973.363497,542.368809,641.389269,2057.789598,918.6122,501.362285,842.029184,787.474785,926.13737,740.495275,668.975623,960.279761,1320.383418,464.559563,829.737312,1055.785934,773.176512,1146.583194,1544.801737,811.439112,907.269689,1205.963499,1417.871695,699.353391,1359.935647,1109.354206,1395.693195,1182.068118,1237.099608,628.159294,1500.684274,751.930293,1300.897477,1157.830909,764.829954,731.373599,1077.165513,1479.423035,741.08898,455.485979,596.695446,1394.416562,917.433418,1077.881217,1358.037043,562.24302,1098.245265,1065.138613,1482.725958,901.154087,1057.96242,950.457619,945.025353,1558.776623,1264.099195,1935.056221,862.893488,910.567415,1287.762294,1080.508987,692.532431,964.944537,1420.262735,1050.406445,324.592378,1172.747417,1481.638746,1234.0855,765.452105,692.676504,2924.564091,1033.8825,1306.400617,1229.713985,406.088296,651.977306,846.691042,914.501794,1407.930204,1603.225897,1103.925027,1005.380474,1043.119355,611.686562,516.84584,1571.064323,765.408131
83119,1613.20172,1472.76843,0.0,1818.899679,736.513388,320.707707,1418.711919,2381.61827,816.040132,864.34263,229.114748,288.359654,1404.014671,944.212104,1164.993491,941.840363,868.213159,2290.248592,2148.624582,1811.986634,1582.082676,1056.486451,2236.761718,1701.507343,1089.08933,598.872323,460.875795,1288.002231,1308.619676,2297.490316,1081.974946,449.686455,785.147015,2048.382288,1178.348756,1438.422493,54.896735,1920.640758,1478.831649,1788.893281,1901.746016,1346.891207,284.231089,862.75407,2050.848474,1597.976018,2485.098202,624.886799,991.570322,1086.122939,2041.13244,882.540634,1952.027468,1766.110327,912.906982,1273.460895,1629.399274,611.67414,1708.851674,1963.568742,859.872731,1514.461549,677.21107,1668.803393,2299.666803,635.649047,667.811722,854.682037,1407.111218,2233.352183,1598.125365,607.440233,250.182901,659.284875,1445.824557,1481.126285,1629.251937,936.118835,1626.199185,1235.121349,1224.677886,488.402542,781.273746,894.120772,3240.123948,1713.421575,226.089992,2540.338333,1312.973194,1873.264673,1381.223037,819.403639,111.293977,1112.04598,493.675257,1633.417192,504.302949,1107.759156,1827.470188,690.056654,1087.973374
1640,1716.251923,1372.443632,1818.899679,0.0,2222.985948,1903.977287,2536.09063,620.992233,1160.212001,1101.983929,1793.9986,1589.478767,2521.393382,874.687576,653.906189,1291.650876,1101.733824,3354.545413,717.192504,1131.55548,569.803195,918.55238,1505.93119,631.948358,864.730332,1292.00141,1939.522897,1057.062437,674.512274,866.058239,983.827642,1765.722673,2198.557733,757.724778,719.777028,2502.719314,1845.862266,1447.070587,2604.861449,263.11234,82.846338,539.304605,1803.452419,1388.882102,2707.075894,1958.321912,2297.500311,1811.586905,975.481083,1965.099396,609.700362,2133.179031,1643.284078,1232.846441,1121.048025,2460.161001,455.010215,1731.637213,118.820483,926.808207,2046.572837,383.611431,2101.865437,494.414334,868.234725,1243.175422,1705.748162,2212.532619,448.515008,3141.447841,546.926756,1509.523428,1644.023592,1779.247948,796.440875,2171.336157,2717.018549,2057.528518,1292.264698,620.504877,2411.377992,1853.224978,1348.118563,1153.021059,4119.023434,411.9176,1669.154192,1386.640262,1115.533704,1535.692022,647.812855,1816.658808,1837.914714,2380.547999,1757.681023,385.736961,1587.60496,922.019394,1262.716051,2190.203801,879.078031
2155,1864.565238,1603.846469,736.513388,2222.985948,0.0,566.994938,865.311546,2793.981552,1121.685068,1179.91314,635.178653,917.236789,850.614298,1373.628329,1569.079759,1072.918402,1146.307876,1816.160663,2500.477437,2063.350152,1842.528076,1388.598666,2488.125237,1949.060191,1383.311368,1024.75274,348.313274,1425.714869,1667.392342,2637.651171,1414.087161,457.263276,163.255622,2322.136709,1582.435025,1053.572503,681.616654,2172.004277,925.431277,2152.9542,2305.832285,1750.977476,622.49469,993.83211,1976.321779,1523.449323,2736.46172,516.623652,1323.682537,1011.596244,2393.938126,297.992937,2203.390986,2017.473846,1142.248587,720.060523,1983.41064,544.0042,2112.937943,2144.108258,649.735349,1918.547817,203.275074,1990.387978,2639.827658,1089.85222,692.096855,224.982143,1811.197487,2023.214801,1891.494099,738.518272,834.922971,672.358014,1676.233171,1406.599589,1075.851564,725.981453,1877.562703,1639.207617,671.277514,369.76097,966.599178,1104.581406,3029.986566,2077.482494,747.587674,2791.701852,1444.051234,2124.628191,1778.208988,742.30603,671.675163,482.346085,557.317166,2026.59431,635.380989,1401.981194,2078.833706,104.281051,1420.085589
2501,1545.556577,1284.837808,320.707707,1903.977287,566.994938,0.0,1143.926093,2474.972891,802.676407,860.904479,160.202196,491.58329,1129.228845,1054.619668,1250.071099,753.909742,827.299215,2015.462766,2181.468776,1744.341491,1523.519415,1069.590005,2169.116576,1630.05153,1064.302707,697.983515,251.591426,1106.706208,1348.383681,2318.64251,1095.0785,182.179498,559.335632,2003.128049,1263.426364,1163.636667,265.810972,1852.995616,1204.045823,1833.945539,1986.823624,1431.968815,125.689807,674.823449,1839.406605,1386.534149,2417.453059,350.100973,1004.673876,874.68107,2074.929465,608.737097,1884.382325,1698.465185,823.239926,998.675069,1664.401979,350.894359,1793.929282,1825.099597,585.086905,1599.539156,462.257174,1671.379317,2320.818997,763.082994,456.369853,628.870654,1492.188826,1958.566357,1572.485439,419.509612,409.269471,447.843006,1357.22451,1269.684416,1354.466111,661.333009,1558.554042,1320.198957,949.89206,213.616716,647.590517,785.572745,2965.338122,1758.473833,285.046605,2472.693191,1125.042573,1805.61953,1459.200327,607.96177,255.869481,856.106065,282.233388,1707.585649,316.372328,1082.972533,1759.825046,480.772285,1101.076928
839,1697.186737,1291.164828,1418.711919,2536.09063,865.311546,1143.926093,0.0,2959.339464,1595.301721,1653.529793,1246.473325,1538.247222,27.302042,1882.292793,2005.204541,1244.439755,1450.725762,992.848407,2066.548733,1649.298818,2014.049428,1789.509063,2074.073903,1958.989318,1671.360298,1550.292402,985.215374,1586.950189,1936.48793,2203.722467,1775.210791,1017.811683,765.071745,1959.375645,1909.654364,230.260246,1363.815185,1847.289925,68.77082,2324.475552,2597.05997,2213.909162,1183.043097,1147.208528,1524.516764,1071.644307,2364.944061,793.825121,1766.864232,624.817716,2225.102046,630.33443,1881.007607,1603.422512,1437.105707,145.251024,2135.92746,873.774813,2426.042625,1710.179553,571.177171,2231.652499,893.091324,2108.347986,2205.898953,1615.391881,914.846198,640.329404,2295.940239,1376.626122,2063.015452,1112.85941,1455.933404,773.211638,1847.754523,954.794574,219.191108,494.931068,1472.528911,2147.872082,247.075952,1006.66307,1269.694204,1399.438526,2369.575176,2218.122794,1371.317733,2377.650518,1528.478922,1799.913839,1953.44166,763.254281,1353.873694,569.145361,938.821255,2198.115662,1160.92065,1614.071236,1664.782373,917.443445,1767.44241
1412,2081.479409,1811.402931,2381.61827,620.992233,2793.981552,2474.972891,2959.339464,0.0,1731.207605,1672.979533,2364.994204,2152.197357,2932.037423,1445.68318,1224.901793,1824.336935,1672.729428,3725.964235,932.464215,1471.704735,1054.727262,1489.547984,1736.38932,1098.877551,1435.725936,1862.997014,2510.518501,1541.986503,1245.507878,1081.32995,1554.823246,2336.718277,2769.553337,1095.92854,1290.772632,2874.138136,2408.580856,1761.827387,3028.110284,744.324051,538.145896,1105.982988,2374.448023,1921.568162,3072.30338,2323.549399,2576.257856,2382.582509,1546.476687,2399.548236,734.237419,2704.174635,2005.397864,1598.073927,1692.043629,3031.156605,936.221926,2302.632817,689.816087,1249.159912,2617.568441,954.607035,2672.861041,975.626045,1083.506436,1814.171026,2238.434221,2783.528223,1000.88006,3506.675327,1028.138467,2080.519032,2206.742183,2350.243552,1281.364942,2536.563643,3088.437371,2617.668081,1657.492184,1172.869929,2982.373596,2424.220582,1919.114167,1724.016663,4484.25092,872.977767,2240.149796,1601.911973,1600.457771,1897.805808,1218.808459,2349.344868,2400.633304,2951.543603,2328.676627,956.732565,2158.600564,1493.014998,1624.829838,2761.199405,1450.073635
2336,1320.556081,771.305878,816.040132,1160.212001,1121.685068,802.676407,1595.301721,1731.207605,0.0,58.228073,737.68273,600.719337,1580.604473,310.854382,506.305813,452.188616,211.965047,2454.500411,1489.936904,1202.814041,869.729775,268.939857,1577.189751,976.26189,300.468057,231.267927,838.222017,499.380959,584.549032,1638.802639,294.428352,664.421793,1097.643014,1349.338408,519.661078,1602.674312,831.284006,1470.659269,1664.07254,1130.205603,1243.058338,688.203529,702.151539,549.419843,2090.118363,1366.247118,2072.203354,854.429041,204.023728,1125.392828,1382.444762,1147.044479,1512.394857,1182.976446,231.279249,1503.003137,970.711596,774.479349,1050.163996,1174.947469,1089.414973,855.773871,1000.564557,1010.115715,1640.979125,221.445785,830.616931,1167.178037,748.42354,2397.604002,918.695798,497.238899,594.199998,822.090084,703.43487,1520.396173,1814.492828,1100.370654,1095.898255,576.433671,1454.220128,751.924098,394.455319,263.252283,3404.375767,1054.733897,612.838321,1880.766366,557.852226,1423.283183,695.365678,970.136623,849.155285,1394.413448,708.410595,974.729514,486.30408,319.137884,1244.336307,1088.902921,300.42678
2342,1279.821294,730.57109,864.34263,1101.983929,1179.91314,860.904479,1653.529793,1672.979533,58.228073,0.0,795.910802,634.921718,1638.832545,252.62631,448.07774,488.516011,270.19312,2512.728483,1431.708832,1144.585969,811.501703,210.711785,1518.961679,918.033817,242.239985,265.470307,896.450089,441.152886,526.320959,1580.574566,236.20028,722.649865,1155.871086,1291.110336,461.433006,1660.902384,889.512078,1429.924481,1722.300613,1071.977531,1184.830266,629.975457,760.379611,585.747238,2126.690066,1389.164709,2031.468567,912.657113,145.795656,1161.964531,1324.216689,1205.272552,1471.660069,1124.748374,289.507321,1561.23121,912.483524,832.707421,991.935924,1116.719397,1147.643046,797.545798,1058.792629,951.887643,1582.751053,255.648166,888.845003,1225.406109,690.195468,2455.832075,860.467726,555.466971,652.42807,880.318156,645.206798,1556.967877,1872.7209,1158.598726,1055.163468,518.205599,1512.448201,810.15217,452.683391,321.480355,3462.603839,996.505825,671.066393,1822.538294,499.624154,1382.548396,637.137605,1013.523943,883.357665,1452.64152,766.638667,916.501442,544.532152,260.909811,1186.108235,1147.130994,242.198708
2635,1561.248604,1300.529835,229.114748,1793.9986,635.178653,160.202196,1246.473325,2364.994204,737.68273,795.910802,0.0,331.381094,1231.776077,919.311025,1140.092412,769.601768,789.855757,2118.009997,2123.723503,1760.033518,1539.211442,995.395447,2184.808603,1645.743556,1026.859249,537.781319,325.22082,1122.398235,1283.718597,2272.589238,1020.883942,277.447861,649.49204,2018.820075,1153.447677,1266.183898,174.218013,1868.687643,1306.593055,1763.992202,1876.844937,1321.990129,111.992494,690.515475,1878.60988,1425.737423,2433.145086,452.648204,930.479317,913.884345,2016.231361,711.284329,1900.074352,1714.157211,834.54958,1101.222301,1604.498195,439.435545,1683.950595,1840.791623,687.634137,1489.56047,541.556095,1643.902314,2274.765724,602.880798,495.573128,719.027063,1382.210139,2061.113589,1573.224286,435.201638,249.067276,487.04628,1372.916537,1308.88769,1457.013343,763.88024,1574.246069,1210.22027,1052.439292,316.163947,663.282544,801.264772,3067.885353,1688.520496,124.844409,2488.385218,1140.7346,1821.311557,1356.321958,647.165044,164.276523,958.653297,321.436663,1608.516114,332.064354,1045.529075,1775.517072,554.401679,1026.88237
2978,1569.631269,1310.49702,288.359654,1589.478767,917.236789,491.58329,1538.247222,2152.197357,600.719337,634.921718,331.381094,0.0,1523.549974,714.791192,935.572578,845.313283,669.107751,2397.445912,1919.203669,1762.014402,1352.661764,827.065539,2136.390111,1472.086431,859.668418,369.451411,641.599195,1058.581319,1079.198764,2068.069404,852.554034,555.444285,965.870415,1818.961376,948.927844,1545.619813,315.32224,1877.070307,1607.018041,1559.472369,1672.325104,1117.470295,423.908746,766.22699,2105.669093,1652.796636,2441.527751,779.430848,762.14941,1140.943558,1811.711527,1038.066972,1908.457016,1722.539876,713.801574,1428.004944,1399.978362,717.42485,1479.430762,1734.14783,1014.41678,1285.040636,857.93447,1439.382481,2070.24589,406.228135,773.562432,1035.405438,1177.690305,2340.549503,1368.704453,509.878513,113.483567,765.035585,1216.403645,1535.946903,1757.438329,1043.316155,1582.628734,1005.700436,1379.221935,642.946591,582.168338,695.015364,3347.321268,1484.000663,206.536685,2439.966726,1117.052586,1829.694222,1151.802124,917.780484,307.374689,1285.43594,599.433088,1403.99628,377.326572,878.338244,1783.899737,870.780055,858.552462
837,1669.884696,1263.862787,1404.014671,2521.393382,850.614298,1129.228845,27.302042,2932.037423,1580.604473,1638.832545,1231.776077,1523.549974,0.0,1867.595545,1990.507293,1229.742507,1436.028514,978.151159,2039.246692,1621.996777,1999.35218,1774.811815,2046.771862,1931.687276,1656.66305,1535.595154,970.518126,1559.648148,1921.790682,2176.420426,1760.513543,1003.114435,750.374497,1932.073604,1894.957116,212.545553,1349.117937,1819.987883,96.072861,2300.546207,2569.757929,2199.211914,1168.345849,1132.51128,1497.214723,1044.342266,2337.642019,779.127873,1752.166984,597.515675,2197.800005,615.637182,1853.705566,1576.120471,1422.408459,130.553776,2108.625419,859.077565,2411.345377,1682.877512,556.479923,2216.955251,878.394076,2081.045944,2178.596912,1600.694633,900.14895,625.632156,2281.242991,1349.32408,2048.318204,1098.162162,1441.236156,758.51439,1833.057275,927.492533,246.493149,480.23382,1445.22687,2133.174834,232.378704,991.965822,1254.996956,1384.741278,2354.877928,2190.820753,1356.620485,2350.348477,1501.17688,1772.611798,1938.744412,748.557033,1339.176446,554.448113,924.124007,2183.418414,1146.223402,1599.373988,1637.480332,902.746197,1752.745162
2512,1532.447603,983.197399,944.212104,874.687576,1373.628329,1054.619668,1882.292793,1445.68318,310.854382,252.62631,919.311025,714.791192,1867.595545,0.0,220.781387,741.14232,522.819429,2741.491483,1204.412478,1130.502681,637.870573,208.687477,1504.87839,757.29524,360.217382,433.587326,1090.165277,597.749518,364.407572,1353.278213,234.175972,916.365053,1349.586275,1104.170185,234.136652,1889.665384,971.17469,1446.017787,1951.063612,844.681178,957.533913,402.679104,954.0948,838.373547,2378.568149,1641.791018,2275.637835,1140.351616,242.041808,1413.842614,1096.920336,1398.98774,1621.421601,1188.987421,542.13363,1788.925712,685.187171,1061.470421,764.63957,1070.765613,1375.337548,570.249445,1252.507817,724.59129,1355.454699,368.487847,1117.608003,1419.121297,462.899114,2684.595074,653.913262,784.229971,769.336017,1109.081156,501.612453,1808.845959,2101.4839,1387.361726,1248.405678,290.909245,1740.142703,1003.867359,681.446391,574.106664,3691.366839,769.209472,794.466616,1808.455005,656.220785,1513.829545,437.010933,1257.127695,963.227139,1646.356708,960.353856,689.205089,738.24734,417.506443,1240.853574,1340.846182,248.161826
1935,1442.611342,973.363497,1164.993491,653.906189,1569.079759,1250.071099,2005.204541,1224.901793,506.305813,448.07774,1140.092412,935.572578,1990.507293,220.781387,0.0,760.764787,570.847735,2825.655794,983.631092,937.787753,417.089186,385.455784,1312.163462,536.513853,333.844244,638.095222,1285.616708,553.323929,143.626186,1132.496826,410.944279,1111.816484,1545.037706,883.388798,170.147648,1973.829695,1191.956077,1253.302859,2073.975361,623.899791,736.752526,304.917817,1149.546231,857.996014,2396.47524,1647.721259,2082.922907,1280.700816,418.810115,1434.213308,876.138949,1594.439171,1428.706673,1018.269036,590.161937,1929.274913,464.405784,1200.751124,543.858184,849.984227,1515.686749,349.468058,1447.959248,503.809903,1134.673313,589.269234,1174.862073,1614.572728,366.936031,2768.759385,433.131875,978.637339,990.117404,1248.361859,280.831067,1829.216653,2188.12893,1526.642429,1077.687293,275.584254,1880.491904,1199.31879,817.232474,622.134971,3775.53115,548.428085,1015.248003,1615.740077,611.795196,1321.114617,216.229546,1285.772719,1184.008526,1841.808139,1155.805286,468.423702,933.698771,391.133305,1048.138647,1536.297613,348.191942
1527,1091.619012,542.368809,941.840363,1291.650876,1072.918402,753.909742,1244.439755,1824.336935,452.188616,488.516011,769.601768,845.313283,1229.742507,741.14232,760.764787,0.0,265.603191,2064.891007,1427.559035,1043.731093,769.609674,545.419705,1468.506178,876.141789,426.920544,584.493683,789.455351,352.796467,692.048176,1564.732769,531.121433,615.655127,1013.87367,1249.218308,665.21461,1213.064908,886.943628,1241.7222,1313.210574,1080.035798,1366.374787,969.469408,706.171541,97.231227,1638.174056,990.213436,1843.266285,626.902843,522.774874,673.448521,1321.019724,948.494969,1283.457788,997.854787,220.909368,1234.549667,910.492238,546.95315,1181.602871,1071.189856,805.982712,987.212745,951.797891,917.469576,1566.909256,574.671541,414.097286,1027.848556,1051.500485,2007.994599,818.575697,379.639348,807.204042,594.563886,603.314769,1068.451866,1427.364143,793.331146,866.961186,960.148708,1189.376192,703.157433,263.144946,316.890426,3014.766363,1004.564092,825.842365,1772.082793,371.132832,1194.346114,709.001906,525.007933,877.002138,1195.863937,572.99696,953.675908,512.191289,369.631482,1059.214648,1040.136256,523.353052
1908,1190.639473,641.389269,868.213159,1101.733824,1146.307876,827.299215,1450.725762,1672.729428,211.965047,270.19312,789.855757,669.107751,1436.028514,522.819429,570.847735,265.603191,0.0,2304.870267,1431.458727,1139.349476,806.26521,338.783302,1513.725186,912.797324,237.003492,344.270114,862.844825,435.916393,521.084466,1580.324461,324.48503,689.044601,1096.823909,1285.873843,475.297558,1453.044168,883.457033,1340.74266,1519.496581,1071.727426,1184.580161,779.552356,748.354142,362.834418,1878.153316,1179.661693,1942.286746,709.853081,316.138471,913.427781,1323.966584,1031.445207,1382.478248,1096.875248,44.693824,1358.427178,912.233419,629.903389,991.685819,1111.482904,944.839014,797.295693,1025.187365,951.637538,1582.500948,334.447972,654.076547,1110.798795,861.583433,2247.973859,855.231233,407.789604,646.373025,677.514124,639.970305,1308.431126,1667.343404,955.794694,965.981647,770.231656,1309.644169,776.546907,246.384739,51.287236,3254.745623,996.25572,665.011348,1817.301801,469.773394,1293.366575,631.901112,764.987193,915.570961,1278.814175,655.947199,916.251337,538.477107,255.673318,1158.235109,1113.52573,316.716649
21526,2260.806929,2057.789598,2290.248592,3354.545413,1816.160663,2015.462766,992.848407,3725.964235,2454.500411,2512.728483,2118.009997,2397.445912,978.151159,2741.491483,2825.655794,2064.891007,2304.870267,0.0,2833.173504,2415.923589,2827.147997,2610.310712,2719.96558,2725.614088,2491.811551,2409.491092,1862.154607,2353.574959,2753.473008,2970.347237,2596.01244,1889.348356,1715.920862,2726.000416,2730.105616,851.826099,2235.351857,2397.179698,993.245379,3094.473019,3363.68474,3034.360415,2054.57977,1967.65978,1814.753558,1569.739557,2912.502861,1665.361794,2587.665881,1391.442487,2991.726816,1581.183547,2428.566407,2370.047283,2285.800375,1096.100141,2902.552231,1745.311486,3246.493877,2476.804324,1430.375861,3050.257427,1843.940441,2874.972756,2972.523724,2474.590571,1774.044888,1591.178521,3116.391492,1564.434341,2848.012301,1972.0581,2315.132094,1632.410327,2664.739602,1452.889824,842.825091,1354.129757,2235.796772,3007.070772,1197.925069,1883.602303,2123.83871,2253.583032,1927.882813,2984.747565,2242.854406,3023.542195,2295.103692,2349.803613,2770.426738,1622.452971,2225.410367,1519.994478,1798.019945,2990.499287,2020.11934,2434.522489,2392.432821,1868.292562,2588.244059
538,1188.688678,918.6122,2148.624582,717.192504,2500.477437,2181.468776,2066.548733,932.464215,1489.936904,1431.708832,2123.723503,1919.203669,2039.246692,1204.412478,983.631092,1427.559035,1431.458727,2833.173504,0.0,578.914004,658.902193,1248.277282,803.925106,653.289709,1194.455235,1621.726313,2217.014386,1145.208603,955.070365,148.865735,1313.552545,2043.214162,2424.864954,311.987554,1049.50193,1981.347405,2175.587168,829.363172,2135.319552,496.22249,726.331831,992.034327,2133.177322,1524.790262,2179.512649,1430.758667,1643.793642,2038.097883,1305.205986,1506.757504,198.226796,2359.486252,1105.10769,705.283196,1450.772928,2169.800468,551.652089,1974.512185,760.519353,356.36918,1974.391245,692.17144,2379.356926,539.012355,151.042222,1572.900325,1841.656321,2438.83984,979.426222,2613.884596,609.936169,1807.198383,1973.748495,1969.470374,885.539873,1643.772912,2195.64664,1926.552425,764.701453,1097.280599,2271.625395,2130.716468,1650.262434,1482.745962,3591.460189,488.169223,1998.879094,669.447758,1151.002105,997.515634,844.253718,1833.113994,2167.639617,2479.371877,2000.555995,607.172364,1917.329862,1251.744297,732.039106,2467.695291,1208.802933
471,609.774674,501.362285,1807.230585,1131.55548,2070.13631,1751.127649,1649.298818,1471.704735,1202.814041,1144.585969,1766.819676,1762.014402,1621.996777,1130.502681,937.787753,1043.731093,1139.349476,2415.923589,578.914004,0.0,771.872662,956.168032,424.775085,624.587064,902.345985,1392.562992,1786.673259,771.197015,794.161568,716.087738,1021.443294,1612.873035,2007.615039,482.096143,931.269042,1564.09749,1822.474459,365.914483,1718.069638,883.307731,1140.694808,1119.286391,1672.182576,1129.521579,1600.598645,851.844664,1187.909363,1620.847969,1013.096735,1089.50759,737.467317,1942.236337,533.693129,126.369192,1098.057731,1752.550553,691.386943,1579.243502,1131.990568,253.814391,1557.141331,864.333074,1949.015798,651.982824,641.353067,1382.74085,1446.387638,2021.589925,1151.587857,2034.970592,722.906638,1331.618038,1715.319996,1552.220459,656.956687,1064.858909,1778.396725,1509.302511,185.787449,1137.171673,1854.375481,1700.37534,1266.81439,1190.636711,3012.546185,761.757632,1705.79557,728.3517,759.222248,426.101073,797.134306,1415.864079,1857.826137,2062.121962,1605.287312,779.333999,1464.169978,926.503037,153.125103,2037.354163,916.693683
1351,1311.277028,842.029184,1582.082676,569.803195,1842.528076,1523.519415,2014.049428,1054.727262,869.729775,811.501703,1539.211442,1352.661764,1999.35218,637.870573,417.089186,769.609674,806.26521,2827.147997,658.902193,771.872662,0.0,623.083765,1146.248371,171.364236,569.261718,1055.184407,1559.065025,487.259242,329.091507,807.767927,688.359028,1385.264801,1783.483344,530.491581,468.219176,1975.321898,1609.045263,1087.387768,2082.820248,310.426124,596.765113,479.654267,1475.781215,866.840901,2265.140927,1516.386946,1937.817493,1396.512516,680.012469,1435.705511,551.410051,1718.104642,1283.601259,873.163622,823.556413,2004.15934,140.882565,1316.562824,543.265973,567.125388,1575.592386,223.10943,1721.407565,147.859903,809.944414,1006.358419,1183.70696,1797.45823,544.178701,2699.512874,48.966024,1149.249022,1407.206589,1364.173559,226.637681,1729.401191,2189.621133,1562.94082,932.581879,577.630165,1958.985866,1472.767106,992.313072,857.552445,3689.020745,234.954418,1432.337189,1328.34995,545.730509,1176.009203,218.274861,1294.617606,1601.097711,1965.47361,1342.606634,184.066234,1281.800962,597.056283,903.033232,1809.74593,583.609417
2005,1336.724988,787.474785,1056.486451,918.55238,1388.598666,1069.590005,1789.509063,1489.547984,268.939857,210.711785,995.395447,827.065539,1774.811815,208.687477,385.455784,545.419705,338.783302,2610.310712,1248.277282,956.168032,623.083765,0.0,1330.543741,729.61588,152.593834,457.614128,1105.135615,390.125971,337.903022,1397.143017,87.029497,931.335391,1364.556612,1102.692399,292.116113,1758.484613,1083.449038,1271.683138,1858.279882,888.545981,1001.398717,567.353501,969.065137,642.650932,2183.593761,1446.068403,2088.372261,1048.636383,118.469706,1218.868226,1140.78514,1370.228509,1438.410875,996.482988,358.097503,1697.210479,729.051974,968.686691,808.504374,928.301459,1283.622315,614.114249,1267.478154,768.456093,1399.319503,447.791987,959.516991,1434.091635,627.573512,2553.414303,672.049789,704.541225,851.912715,1016.297426,456.78886,1613.871571,1972.783848,1294.577996,1055.901245,455.583642,1648.42747,1018.837696,585.168041,390.070537,3560.186068,813.074276,870.551038,1634.120356,448.597238,1330.818819,448.719668,1070.427637,1075.501486,1617.597477,975.324193,733.069893,753.217678,209.882896,1057.842848,1355.816519,39.474349
241,694.249183,926.13737,2232.00567,1505.93119,2494.911395,2175.902734,2074.073903,1736.38932,1577.189751,1518.961679,2191.59476,2136.390111,2046.771862,1504.87839,1312.163462,1468.506178,1513.725186,2719.96558,803.925106,424.775085,1146.248371,1330.543741,0.0,998.962773,1276.721694,1766.938701,2211.448343,1191.081705,1168.537277,858.068475,1395.819003,2037.64812,2432.390124,856.471853,1305.644752,1988.872575,2247.249544,322.785883,2142.844722,1257.68344,1515.070517,1493.662101,2096.957661,1554.296663,1665.418078,1150.226024,968.117084,2045.623054,1387.472445,1514.282675,1002.151902,2367.011422,598.5304,517.46623,1522.832816,2177.325638,1065.762652,2004.018587,1506.366277,628.190101,1981.916415,1238.708783,2373.790883,1026.358533,652.882885,1757.116559,1871.162723,2446.36501,1525.963566,2142.841263,1097.282348,1756.393123,2140.095081,1976.995544,1031.332396,1363.240269,2203.17181,1934.077596,610.562534,1511.547383,2279.150566,2125.150425,1691.589475,1565.012421,2928.632058,1136.133342,2130.570655,303.576616,1183.997333,490.938344,1171.510015,1840.639164,2282.601222,2486.897047,2030.062397,1153.709708,1888.945063,1300.878746,456.106369,2462.129248,1291.069392
1114,1209.283506,740.495275,1701.507343,631.948358,1949.060191,1630.05153,1958.989318,1098.877551,976.26189,918.033817,1645.743556,1472.086431,1931.687276,757.29524,536.513853,876.141789,912.797324,2725.614088,653.289709,624.587064,171.364236,729.61588,998.962773,0.0,675.793833,1166.01084,1665.597139,593.791357,447.815331,802.155444,794.891142,1491.796915,1890.015459,456.140511,586.943,1873.787989,1728.469929,940.102171,2027.760137,368.858931,655.19792,599.078934,1582.313329,973.373015,2163.607018,1414.853037,1790.531895,1503.044631,786.544583,1334.171602,545.797567,1824.636757,1136.315661,725.878024,930.088528,1958.914949,176.938143,1423.094939,617.541768,419.83979,1583.330486,333.91823,1827.939679,160.658812,804.33193,1125.783086,1290.239074,1903.990345,637.139057,2597.978966,122.398213,1255.781136,1526.631256,1470.705674,333.169795,1627.867282,2088.087224,1535.491667,785.296281,697.054832,1966.723967,1579.299221,1098.845187,964.084559,3587.486836,293.387225,1551.761856,1302.539388,644.889065,1028.723605,336.998685,1399.587016,1720.522378,2072.005725,1449.138749,264.885199,1388.333077,703.588397,755.747635,1916.278044,690.141531
1876,1218.225826,668.975623,1089.08933,864.730332,1383.311368,1064.302707,1671.360298,1435.725936,300.468057,242.239985,1026.859249,859.668418,1656.66305,360.217382,333.844244,426.920544,237.003492,2491.811551,1194.455235,902.345985,569.261718,152.593834,1276.721694,675.793833,0.0,490.217008,1099.848316,237.532137,284.080975,1343.32097,186.975765,926.048093,1333.827401,1048.870352,238.294066,1639.985452,1116.051917,1217.861091,1740.131117,834.723934,947.57667,542.548865,985.357634,524.151771,2065.094599,1327.569242,1969.8731,946.856573,178.629206,1100.369064,1086.963093,1268.448699,1324.436277,882.508389,256.317693,1595.430669,675.229927,866.906881,754.682327,874.479412,1181.842505,560.292202,1262.190856,714.634046,1345.497456,480.394866,841.01783,1347.802287,624.579942,2434.915142,618.227742,644.793096,883.376517,914.517616,402.966813,1495.37241,1854.284687,1192.798186,941.926646,533.228164,1546.64766,1013.550398,483.388231,288.290727,3441.686906,759.252228,902.01484,1580.298309,296.003404,1216.844221,394.897621,951.928476,1108.104365,1515.817667,892.950691,679.247846,775.480599,57.289062,943.86825,1350.529221,113.119485
2724,1492.527434,960.279761,598.872323,1292.00141,1024.75274,697.983515,1550.292402,1862.997014,231.267927,265.470307,537.781319,369.451411,1535.595154,433.587326,638.095222,584.493683,344.270114,2409.491092,1621.726313,1392.562992,1055.184407,457.614128,1766.938701,1166.01084,490.217008,0.0,741.289689,689.129909,774.297982,1770.592048,483.102623,567.489465,1000.710687,1521.484019,651.450487,1557.664993,625.83491,1659.633152,1619.063221,1261.995012,1374.847748,819.992939,605.219212,575.289186,2088.352292,1478.006184,2261.177237,791.476028,392.697999,1123.626757,1514.234171,1050.112152,1701.36874,1372.725396,363.584315,1440.050124,1102.501005,729.47003,1181.953405,1364.696419,1026.46196,987.56328,903.632229,1141.905124,1772.768534,65.09948,785.607612,1070.245709,880.212949,2352.594683,1071.227096,494.014115,394.298587,777.080765,893.18382,1518.630102,1769.483509,1055.361335,1284.872138,708.22308,1391.267115,654.991771,391.230534,395.557349,3359.366448,1186.523307,412.93691,2070.515316,747.601176,1612.257066,854.324768,929.825664,617.887358,1297.48112,611.478267,1106.518924,389.371752,508.886834,1434.085257,991.970594,489.101051
2124,1581.102187,1320.383418,460.875795,1939.522897,348.313274,251.591426,985.215374,2510.518501,838.222017,896.450089,325.22082,641.599195,970.518126,1090.165277,1285.616708,789.455351,862.844825,1862.154607,2217.014386,1779.887101,1559.065025,1105.135615,2204.662185,1665.597139,1099.848316,741.289689,0.0,1142.251818,1383.929291,2354.18812,1130.62411,173.800224,324.271221,2038.673658,1298.971973,1010.328508,405.97906,1888.541226,1045.335104,1869.491148,2022.369234,1467.514425,329.956752,710.369058,1692.858728,1239.986271,2452.998669,233.160601,1040.219485,728.133193,2110.475075,421.66484,1919.927935,1734.010794,858.785535,839.96435,1699.947589,260.541149,1829.474891,1860.645206,431.778746,1635.084766,227.192763,1706.924927,2356.364606,806.389168,408.633804,393.806243,1527.734435,1805.258198,1608.031048,455.055221,559.285377,388.894962,1392.77012,1123.136538,1195.755392,508.02485,1594.099652,1355.744566,791.181341,86.297919,683.136127,821.118355,2812.029963,1794.019442,450.065229,2508.2388,1160.588183,1841.16514,1494.745937,458.842979,396.037569,651.170186,273.854115,1743.131259,351.917937,1118.518143,1795.370655,294.031082,1136.622537
1261,1008.407301,464.559563,1288.002231,1057.062437,1425.714869,1106.706208,1586.950189,1541.986503,499.380959,441.152886,1122.398235,1058.581319,1559.648148,597.749518,553.323929,352.796467,435.916393,2353.574959,1145.208603,771.197015,487.259242,390.125971,1191.081705,593.791357,237.532137,689.129909,1142.251818,0.0,409.697744,1282.382337,385.888666,968.451594,1366.670137,966.867876,475.826203,1501.74886,1239.740095,1107.032625,1655.721008,797.685366,1084.024355,762.02855,1058.968007,450.027694,1871.907163,1123.153182,1760.054574,979.699309,377.542108,962.132473,1038.669292,1301.291435,1167.248596,725.320709,406.743206,1586.87582,628.141806,899.749617,974.162012,788.839424,1158.779178,710.368672,1304.594358,635.119144,1284.558824,679.307767,766.893753,1380.645023,844.059627,2296.678551,536.225265,732.435815,1082.289418,947.360352,320.964337,1336.167427,1716.048096,1146.127613,783.749475,752.707849,1542.172659,1055.953899,575.499865,487.203628,3295.786981,722.21366,1100.927741,1494.65832,58.471268,1059.65654,426.651474,877.804399,1229.798604,1548.660403,925.793427,671.325476,864.987755,180.243075,786.680569,1392.932722,350.651622
1675,1298.985156,829.737312,1308.619676,674.512274,1667.392342,1348.383681,1936.48793,1245.507878,584.549032,526.320959,1283.718597,1079.198764,1921.790682,364.407572,143.626186,692.048176,521.084466,2753.473008,955.070365,794.161568,329.091507,337.903022,1168.537277,447.815331,284.080975,774.297982,1383.929291,409.697744,0.0,1103.936099,403.178284,1210.129067,1617.908375,820.89185,139.12767,1901.646909,1335.582262,1109.676674,2005.258749,606.594296,757.358611,352.330807,1269.438608,789.279402,2252.849055,1504.095074,1939.296721,1230.937547,394.831725,1362.030522,847.578222,1552.529673,1285.080488,874.642851,540.398668,1879.511644,437.050736,1150.987855,564.464269,744.571327,1465.92348,370.074144,1546.271831,444.028075,1106.112586,732.895419,1106.145461,1631.883261,434.361883,2687.221002,345.134196,928.87407,1133.743589,1198.59859,137.204882,1717.109319,2115.946144,1476.87916,934.061108,343.010106,1830.728635,1297.631372,767.469205,572.371701,3676.728873,531.12259,1158.874188,1472.113892,468.169011,1177.488432,110.816647,1217.056108,1327.634711,1799.898641,1177.031665,480.234406,1059.561573,341.370036,904.512461,1634.610195,298.428673
421,1254.969842,1055.785934,2297.490316,866.058239,2637.651171,2318.64251,2203.722467,1081.32995,1638.802639,1580.574566,2272.589238,2068.069404,2176.420426,1353.278213,1132.496826,1564.732769,1580.324461,2970.347237,148.865735,716.087738,807.767927,1397.143017,858.068475,802.155444,1343.32097,1770.592048,2354.18812,1282.382337,1103.936099,0.0,1462.418279,2180.387896,2562.038688,449.161287,1198.367665,2118.521138,2324.452903,883.506542,2272.493286,645.088225,875.197566,1140.900061,2270.90431,1661.963996,2291.029775,1567.932401,1697.937011,2175.271617,1454.07172,1643.931238,347.092531,2496.659986,1159.25106,842.456929,1599.638663,2306.974201,700.517824,2111.685919,909.385087,493.542914,2111.564979,841.037174,2516.53066,687.878089,205.185591,1721.766059,1978.830055,2576.013574,1128.291957,2751.05833,758.801904,1944.372117,2122.61423,2106.644108,1034.405608,1780.946646,2332.820374,2063.726159,901.875187,1246.146333,2408.799129,2267.890202,1787.436167,1631.611696,3658.451985,637.034958,2147.744829,723.591128,1288.175839,1051.659004,993.119453,1970.287728,2316.505351,2616.545611,2137.729729,756.038099,2066.195597,1392.179378,869.21284,2604.869025,1357.668668
2000,1322.426716,773.176512,1081.974946,983.827642,1414.087161,1095.0785,1775.210791,1554.823246,294.428352,236.20028,1020.883942,852.554034,1760.513543,234.175972,410.944279,531.121433,324.48503,2596.01244,1313.552545,1021.443294,688.359028,87.029497,1395.819003,794.891142,186.975765,483.102623,1130.62411,385.888666,403.178284,1462.418279,0.0,956.823886,1390.045107,1167.967661,357.391376,1744.186341,1108.937533,1336.958401,1843.98161,953.821244,1066.673979,592.841996,994.553632,628.35266,2169.295488,1431.770131,2074.073989,1034.338111,104.171434,1204.569953,1206.060402,1355.930237,1503.686137,1061.75825,343.799231,1682.912207,794.327237,954.388418,873.779637,993.576722,1269.324043,679.389511,1292.96665,833.731356,1464.594766,473.280482,945.218719,1435.283824,653.062007,2539.116031,737.325051,690.242953,877.40121,1001.999154,522.064123,1599.573299,1958.485576,1280.279724,1097.76889,481.072138,1634.129198,1044.326191,570.869768,375.772265,3545.887795,878.349538,896.039533,1699.395618,444.359934,1396.094081,513.99493,1056.129365,1100.989981,1603.299205,980.432228,798.345155,778.706173,205.645592,1123.118111,1381.305014,104.749612
2125,1407.301963,1146.583194,449.686455,1765.722673,457.263276,182.179498,1017.811683,2336.718277,664.421793,722.649865,277.447861,555.444285,1003.114435,916.365053,1111.816484,615.655127,689.044601,1889.348356,2043.214162,1606.086877,1385.264801,931.335391,2030.861962,1491.796915,926.048093,567.489465,173.800224,968.451594,1210.129067,2180.387896,956.823886,0.0,433.221222,1864.873434,1125.171749,1037.522257,394.789721,1714.741002,1077.931413,1695.690924,1848.56901,1293.714201,214.017633,536.568834,1657.227108,1204.354651,2279.198445,223.986563,866.419261,692.501573,1936.674851,482.622687,1746.127711,1560.21057,684.985311,872.560659,1526.147365,218.052773,1655.674667,1686.844982,458.972495,1461.284542,336.142764,1533.124703,2182.564382,632.588945,274.190355,502.756245,1353.934211,1832.451947,1434.230824,281.254997,473.130467,265.663508,1218.969896,1087.504918,1228.351701,535.218599,1420.299428,1181.944342,823.77765,87.502306,509.335903,647.318131,2839.223712,1620.219218,402.292269,2334.438577,986.787959,1667.364916,1320.945713,425.782272,384.84823,729.991655,100.053891,1569.331035,178.117713,944.717919,1621.570431,424.481129,962.822314
1914,1840.523185,1544.801737,785.147015,2198.557733,163.255622,559.335632,765.071745,2769.553337,1097.643014,1155.871086,649.49204,965.870415,750.374497,1349.586275,1545.037706,1013.87367,1096.823909,1715.920862,2424.864954,2007.615039,1783.483344,1364.556612,2432.390124,1890.015459,1333.827401,1000.710687,324.271221,1366.670137,1617.908375,2562.038688,1390.045107,433.221222,0.0,2263.091977,1558.392971,953.332701,730.25028,2147.962223,825.191475,2093.909467,2281.40407,1726.935423,598.452636,931.879235,1882.832985,1429.960528,2712.419667,439.539973,1299.640483,918.10745,2334.893394,134.737316,2179.348932,1961.738733,1083.203854,619.820721,1924.365908,466.920521,2088.509727,2068.495774,543.218753,1894.119602,183.226898,1931.343246,2564.215174,1065.810166,615.013175,143.361139,1787.155433,1916.698205,1832.449367,714.476219,883.556597,595.274334,1617.188439,1313.110795,975.611763,619.464856,1830.845132,1615.165564,571.037712,345.718916,915.792352,1045.536674,2923.469969,2018.437762,774.336449,2735.966739,1385.006502,2100.586138,1722.875575,648.817236,720.30879,382.106284,533.275112,1967.549578,611.338935,1352.497227,2023.098594,207.579019,1396.043535
636,1087.706926,811.439112,2048.382288,757.724778,2322.136709,2003.128049,1959.375645,1095.92854,1349.338408,1291.110336,2018.820075,1818.961376,1932.073604,1104.170185,883.388798,1249.218308,1285.873843,2726.000416,311.987554,482.096143,530.491581,1102.692399,856.471853,456.140511,1048.870352,1521.484019,2038.673658,966.867876,820.89185,449.161287,1167.967661,1864.873434,2263.091977,0.0,949.259636,1874.174317,2075.344874,797.61125,2028.146464,536.754764,766.864105,891.792033,1955.389848,1346.449534,2078.530896,1329.776915,1657.571416,1876.12115,1159.621102,1399.584417,361.691121,2197.713276,1014.73908,604.301443,1303.165046,2062.62738,450.005862,1796.171457,785.437939,259.55132,1867.218157,591.929146,2201.016198,410.601743,451.337774,1472.658031,1663.315593,2277.066863,879.183928,2512.902843,481.525558,1628.857655,1873.506201,1843.782193,706.246314,1542.79116,2088.473552,1819.379337,663.7197,997.038305,2164.452308,1952.37574,1471.921706,1337.161078,3490.478437,387.92693,1898.636801,969.74331,998.224792,907.147024,710.075204,1725.940906,2067.397323,2372.198789,1822.215267,506.930071,1761.409596,1076.664916,634.171054,2289.354563,1063.21805
