,22089,2447,353,2034,393,607,1499,1482,1309,2569,2342,2302,2874,1070,2476,1459,2944,1483,1528,85020,1002,86810,237,1709,2025,1213,22014,1433,1779,1708,1756,774,1577,1409,400,346,1525,1580,2005,83126,2481,1811,1307,539,375,2491,1345,1886,2001,580,2512,1746,2535,350,21487,2115,2114,2483,1218,985,1351,1022,2116,241,2741,455,537,1913,1367,2949,737,2000,1344,1978,2876,713,2280,1968,2667,2739,2067,2076,2634,574,1332,2126,471,83124,1669,399,1493,2284,1098,2740,83119,454,328,235,867,234,1097
22089,0.0,1515.458342,545.147874,1571.784999,600.973188,1694.615302,1736.129829,1995.273077,1869.001114,1455.732146,1268.105967,1796.936455,1639.380017,1300.363005,1575.738196,1926.354941,1563.691364,1945.06062,1173.116707,1558.924295,1147.615577,1465.377862,1002.342418,1807.930341,1723.184257,1423.8416,1864.569231,1905.980911,1330.237409,1583.10367,1751.668609,793.135392,1939.342298,1934.918561,692.783174,742.604669,1231.976295,1850.987899,1325.009662,1622.559033,1467.791367,1225.980958,1295.887755,638.127728,686.259345,1520.923464,1994.98228,1327.28424,1302.36483,992.210146,1520.732276,1134.230323,1629.181735,465.354682,1618.314344,1786.149289,1749.660249,1630.279936,1334.738748,740.492698,1299.561702,1848.735385,1459.957632,1022.834433,1415.883139,552.183042,1140.393353,1198.129351,1349.711054,1535.736088,1335.526664,1310.711389,1985.534465,1302.943008,1617.408428,719.261282,1750.069961,1626.350597,1513.776156,1452.162534,1295.727418,1228.690073,1499.2506,753.555884,1318.558261,1455.918146,598.059348,1567.045533,1459.272754,618.305614,1728.751658,1639.600636,778.43252,1519.73423,1566.812876,619.461696,789.532182,1067.493554,1863.836626,1676.867926,1841.57375
2447,1527.173668,0.0,1502.286207,343.577688,1387.12322,1996.897192,1016.036548,1699.142834,1644.903041,1021.357056,278.565893,1366.785766,1082.924018,766.125282,204.198848,1640.883741,844.716877,1600.005347,840.522148,1041.049385,750.670113,845.736156,1433.116836,897.506812,602.816099,808.335522,2710.534658,1620.509712,920.255357,734.907039,843.577739,942.685563,1594.287024,1649.447361,1268.824306,1697.67845,899.381737,1505.932626,215.943937,1000.497424,78.880493,656.439974,602.643722,1225.251345,1345.553596,19.406721,1310.284996,239.301332,249.298267,1107.805377,51.26954,565.265535,200.03172,1488.713271,2146.152173,1355.9986,1319.50956,258.740588,717.939932,821.398074,586.601033,1336.006415,1029.806942,1453.608851,898.008229,1137.717881,1185.734315,514.17983,618.668217,759.771755,1045.650797,241.432432,1300.837182,255.418286,1014.496678,816.277514,1319.919272,447.332779,1011.131869,934.287624,484.918103,577.339763,919.101184,877.848697,655.681052,1025.767457,1079.233141,1049.170623,613.732739,1321.130994,1057.88137,351.409565,737.025822,1001.85932,995.481643,1108.260656,1220.306599,1713.345838,1418.662928,2522.833353,1805.053215
353,140.404768,1502.286207,0.0,1518.513366,515.911494,1624.497931,1630.191325,1932.577237,1802.092069,1596.136914,1254.933832,1937.341222,1779.784785,1194.424501,1528.862869,1863.6591,1704.096131,1917.496555,1159.944571,1699.329062,1041.677073,1605.782629,484.955668,1701.991837,1617.245753,1317.903096,1653.887885,1843.285071,1470.642176,1477.165166,1645.730105,779.963257,2007.271683,1872.22272,256.641771,657.542975,1218.80416,1991.392667,1311.837526,1762.963801,1454.619232,1212.808823,1189.949251,624.955593,179.912481,1507.751329,1885.930076,1314.112105,1289.192695,883.157942,1507.560141,1121.058188,1582.306408,113.397559,1533.252651,1926.554056,1890.065016,1583.404608,1228.800244,727.320562,1238.915274,1739.683181,1600.362399,553.844415,1556.287907,397.241903,1031.341149,1184.957216,1243.77255,1676.140856,1226.474461,1297.539254,1876.482262,1289.770873,1757.813196,706.089147,1890.474728,1535.315359,1654.180923,1592.567301,1282.555283,1340.711824,1639.655368,647.61738,1212.619757,1596.322914,489.007144,1707.4503,1353.33425,326.273257,1622.813154,1586.329003,765.260385,1660.138997,1707.217644,417.205421,405.500182,549.083443,1754.784423,1466.18658,1774.664705
2034,1583.500325,343.577688,1518.513366,0.0,1539.21638,2209.063898,701.764124,1968.472406,1903.573569,1364.934743,622.14358,1710.363453,1426.501705,544.471407,220.333275,1899.55427,1188.294564,1918.259949,1006.307533,1384.627072,529.016238,1189.313843,1405.354448,583.234388,354.527739,586.681647,2909.648369,1879.18024,1263.833044,420.634614,529.305315,1108.470948,1912.541626,1908.117889,1261.871596,1849.771609,1065.167122,1824.187228,528.555274,1344.075111,422.45818,822.225359,427.881319,1364.360427,1338.600885,362.984408,996.012572,353.959488,585.483978,886.151502,394.847227,731.05092,227.366548,1545.039927,2345.265883,1699.576287,1663.087247,165.791535,496.286057,969.131007,411.83863,1114.35254,1373.38463,1425.846463,1241.585917,1152.761714,964.08044,679.965215,397.014341,1103.349442,823.996922,585.010119,986.564758,489.080926,1358.074365,918.882474,1663.496959,163.738852,1354.709557,1277.865311,804.504792,886.696531,1262.678871,877.292292,434.027177,1369.345144,1051.470754,1392.748311,299.460315,1314.178284,743.608946,67.815638,902.811207,1345.437007,1339.05933,1101.307945,1192.544212,1685.58345,1164.658441,2721.947064,2060.351815
393,610.597257,1387.12322,515.911494,1539.21638,0.0,1111.794763,1747.026145,1416.665743,1286.180575,1273.16879,1139.770846,1521.67374,1473.210568,1311.259321,1543.169577,1347.747606,1480.859019,1401.585061,678.890605,1392.754846,1158.511893,1400.079207,1000.867162,1818.826658,1734.080573,1434.737916,1432.519792,1327.373577,1082.986623,1593.999986,1762.564925,457.421735,1491.360189,1356.311226,662.982879,310.55523,737.750194,1476.593693,1196.67454,1475.111943,1339.456246,907.924705,1287.857387,174.855953,650.674313,1392.588342,2012.069932,1198.949118,1174.029709,1009.297798,1392.397155,885.574007,1587.15494,550.260069,1186.264905,1510.886575,1474.397535,1597.711316,1345.635064,633.650913,1266.993083,1865.823037,1277.394275,1069.755909,1444.336439,725.498243,1157.481004,981.325476,1332.405796,1413.261149,1352.614316,1182.376268,2002.622117,1174.607887,1451.238979,686.692663,1474.807247,1593.781978,1331.212799,1408.057045,1047.071102,967.427999,1389.885494,764.4522,1329.454577,1273.35479,771.374549,1400.876084,1470.16907,582.720582,1739.647974,1607.032017,650.097399,1438.559579,1516.077205,792.776897,887.832072,989.122893,1880.924278,1244.818487,1258.753212
607,1706.330628,1996.897192,1624.497931,2209.063898,1111.794763,0.0,2628.657766,564.252825,471.750713,1269.719241,1742.194608,1011.359182,1406.74134,2192.890942,2181.995157,495.334689,1617.569231,549.172143,1245.48116,1389.305297,2040.143514,1465.23347,2062.72578,2673.149779,2470.252584,2316.369537,1320.361686,503.52726,1093.517033,2463.806963,2619.220706,1250.991954,638.947271,474.589611,1753.166536,1125.301526,1156.39685,643.244864,1852.829833,1471.662394,1918.016699,1428.901936,2090.531422,1056.487575,1755.660248,1977.490471,2893.701553,1855.104411,1830.185002,1890.929419,1970.957608,1525.770522,2177.828029,1658.846505,235.654487,923.466473,886.977433,2236.536897,2227.266686,1355.985674,2069.667118,2747.454658,1100.578806,2083.217795,1440.88689,1612.566403,2039.112625,1615.827845,2135.079831,1605.43202,2234.245937,1838.531561,2884.253738,1830.76318,1447.789431,1527.816011,982.599309,2263.629497,1327.76325,1404.607496,1535.842398,1419.557429,1391.868442,1646.083821,2199.261554,1139.125152,1658.44271,1397.426535,2339.976047,1687.706517,2621.279595,2276.879536,1372.43216,1435.11003,1512.627656,1679.845057,1849.915543,2097.70933,2762.555899,1132.660381,292.017366
1499,1747.845155,1016.036548,1630.191325,701.764124,1747.026145,2628.657766,0.0,2551.088023,2486.189186,2037.393604,1294.602441,2382.822313,2090.683552,476.134571,849.034577,2482.169886,1852.476411,2500.875566,1532.152022,2057.085933,588.514253,1861.772703,1517.032408,118.868646,433.114647,386.937096,3173.041073,2461.795857,1886.052355,341.042573,172.45881,1503.399665,2495.157243,2490.733506,1373.549555,2051.076511,1591.011611,2406.802845,1111.170891,2008.256958,1094.917041,1404.840976,631.299792,1572.170192,1450.278844,1035.443268,388.01722,936.575104,1168.099595,844.222742,1067.306087,1313.666537,856.067849,1709.384758,2764.859751,2372.035148,2335.546107,794.492837,476.139092,1314.186411,657.888586,454.454175,2045.84349,1537.524422,1914.044777,1264.439673,813.347218,1262.580832,592.475874,1767.531289,560.242981,1176.446154,378.569405,1071.696543,2022.256212,1247.164144,2335.955819,635.999903,2027.168417,1950.324171,1387.120409,1469.312148,1935.137732,1094.44328,485.193049,2041.804005,1163.148713,2065.207171,495.137913,1425.856243,67.929017,727.605896,1360.603646,2017.895868,2003.241177,1212.985904,1304.222171,1797.261409,537.110687,2985.339768,2642.967432
1482,2011.201608,1699.142834,1932.577237,1968.472406,1416.665743,564.252825,2551.088023,0.0,142.252097,914.830019,1459.539719,561.324527,1005.626957,2215.279658,1884.2408,68.918137,1243.834098,110.574133,1069.131687,1023.22496,2140.633324,1110.344248,2367.59676,2432.558287,2229.661092,2268.74513,1752.432765,89.292167,810.862144,2269.958513,2378.629214,1333.651315,104.855811,89.663215,2058.037516,1482.844383,1025.508889,193.210209,1595.518989,1097.927261,1620.262342,1146.247047,1992.361146,1361.358555,2060.531228,1679.736114,2845.336471,1614.512919,1572.874158,2195.800399,1673.203251,1243.115633,1880.073672,1966.925812,799.907312,473.431818,436.942778,1938.78254,2178.34954,1377.355311,1943.395123,2796.416023,699.464424,2388.088774,1074.806554,1917.437383,2343.983605,1333.172956,2008.807835,1290.802466,2494.805173,1581.220717,2835.888657,1573.452336,1074.054297,1610.069707,532.564654,2023.038005,972.874028,1038.527159,1253.187509,1136.90254,1036.97922,1887.422994,2116.09066,784.23593,1963.31369,1031.346199,2148.784214,1992.577496,2592.932845,2036.288044,1393.801797,1069.029693,1138.892522,1984.716037,2154.786523,2405.788636,2879.072535,1564.73146,315.273983
1309,1880.71644,1644.903041,1802.092069,1903.573569,1286.180575,471.750713,2486.189186,142.252097,0.0,860.590225,1394.640883,589.358454,969.250786,2124.422718,1830.001007,73.333961,1207.457927,127.171415,1004.23285,980.176282,2049.776384,1056.104455,2237.111591,2367.65945,2164.762255,2177.88819,1610.180668,52.959931,745.963307,2205.059677,2313.730377,1204.424753,216.946543,81.897581,1927.552347,1352.359215,919.415158,221.244136,1530.620153,1061.55109,1566.022548,1081.348211,1901.504206,1230.873386,1930.046059,1625.496321,2780.437635,1549.614082,1507.975322,2065.31523,1618.963458,1178.216796,1825.833879,1836.440643,707.4052,501.465745,464.976705,1884.542746,2087.4926,1248.128749,1852.538183,2705.559083,663.088253,2257.603606,1031.757875,1786.952215,2213.498437,1268.27412,1917.950895,1236.562673,2403.948233,1516.32188,2770.98982,1508.5535,1037.678126,1480.843145,560.598581,1958.139168,918.634235,995.478481,1188.288673,1072.003703,982.739427,1758.196432,2025.23372,729.996137,1832.828521,988.29752,2083.885377,1862.092328,2503.048597,1971.389207,1264.575235,1025.981015,1102.516351,1854.230869,2024.301355,2275.303467,2788.215595,1422.479363,222.771872
2569,1490.578783,1021.357056,1566.959289,1364.934743,1273.16879,1269.719241,2037.393604,914.830019,860.590225,0.0,801.702284,517.814938,200.041779,1740.426156,1206.455022,856.570926,347.849991,815.692531,594.278185,119.586057,1665.779822,195.51423,2051.914957,1918.863868,1622.374952,1793.891628,1990.443768,836.196896,251.152576,1756.264094,1864.934794,1071.81196,809.974208,865.134545,1784.087523,1452.252807,606.923158,721.61981,1010.38781,201.943154,942.476564,671.393546,1517.507645,1217.861601,1746.87177,1001.950336,2331.642052,1130.098653,945.471681,1941.727777,989.980846,768.262132,1202.287894,1487.166097,1426.061283,530.08128,535.196744,1260.996762,1703.496039,1102.797701,1468.541621,2321.562522,245.494127,2114.138782,171.16765,1643.487391,2089.910984,848.75869,1533.954334,380.570897,2019.951671,1035.876305,2322.194238,1041.874733,178.07019,1282.381618,470.948444,1468.689835,58.04401,134.888256,713.646578,597.361609,122.149202,1596.603931,1641.237158,130.594089,1689.363697,127.707295,1635.089795,1709.609962,2079.238426,1372.76662,989.408212,165.39079,242.908416,1710.766045,1880.83653,2089.304969,2404.219034,1802.742463,1020.740399
2342,1279.821294,278.565893,1254.933832,622.14358,1139.770846,1742.194608,1294.602441,1459.539719,1394.640883,801.702284,0.0,1147.130994,946.835345,1044.691175,463.663859,1390.621583,713.577864,1380.350575,593.169773,866.379623,1008.739904,671.066393,1498.469664,1176.072704,879.583788,1086.901415,2455.832075,1370.247553,700.600585,1013.472931,1122.143631,695.333188,1374.632252,1399.185203,1265.348506,1450.326075,652.029362,1286.277854,210.711785,869.358411,199.6854,380.68176,860.467726,977.89897,1329.150913,259.159173,1588.850889,363.013725,145.795656,1288.325371,252.62631,289.507321,459.496731,1241.360896,1891.449589,1136.343828,1099.854788,518.205599,996.505825,603.508777,811.501703,1614.572308,810.15217,1518.961679,723.338467,1124.748374,1436.508578,250.108104,876.914416,628.632742,1324.216689,236.20028,1579.403074,242.198708,883.357665,718.583579,1100.2645,725.898671,836.462107,759.617861,206.352211,322.63718,744.431422,943.201525,934.246945,806.112685,1144.585969,874.500861,892.298631,1261.197182,1336.447263,629.975457,489.673447,827.189558,864.34263,1173.613484,1285.659427,1758.298271,1697.22882,2268.13077,1551.419128
2302,1831.783092,1366.785766,1908.163598,1710.363453,1521.67374,1011.359182,2382.822313,561.324527,589.358454,517.814938,1147.130994,0.0,556.791089,2081.630465,1551.883731,516.024494,794.998229,462.187039,935.482494,574.389092,2006.984131,679.246088,2393.119266,2264.292577,1967.803661,2135.095937,1990.432655,536.398523,592.356885,2101.692804,2210.363504,1413.016269,456.468717,536.769571,2125.291831,1587.85238,909.898643,368.114318,1355.816519,649.091392,1287.905273,1012.597854,1858.711953,1466.366552,2088.076078,1347.379045,2677.070762,1471.302961,1290.90039,2282.932085,1340.846182,1109.46644,1547.716603,1828.370406,1247.013668,87.89271,151.562721,1606.425471,2044.700347,1444.002009,1809.74593,2662.76683,336.978824,2455.34309,625.970685,1984.691699,2431.115292,1189.962998,1875.158642,849.300038,2361.15598,1381.305014,2667.622947,1387.303442,625.218429,1623.585926,46.866494,1814.118544,541.775868,589.691291,1054.850887,938.565917,605.88106,1937.808239,1982.441467,451.878862,2030.568005,582.51033,1980.518504,2050.814271,2424.667135,1718.19533,1330.612521,620.193825,690.056654,2051.970353,2222.040839,2430.509278,2745.423342,1802.73135,762.38034
2874,1685.768861,1082.924018,1762.149367,1426.501705,1473.210568,1406.74134,2090.683552,1005.626957,969.250786,200.041779,946.835345,556.791089,0.0,1849.0493,1268.021984,960.326924,238.207141,906.48947,794.319964,118.483286,1833.594131,298.657133,2247.105035,1971.814906,1683.941913,1891.25954,2132.868427,944.857457,451.194355,1817.831056,1926.501756,1271.853739,900.771147,973.795106,1979.277601,1652.294586,806.964937,812.416749,1143.928826,92.300304,1076.017579,871.435325,1685.56774,1417.90338,1942.061848,1063.517298,2384.932,1297.305445,1079.012697,2141.769556,1031.654479,968.30391,1263.854856,1682.356175,1568.485942,569.057431,595.865151,1322.563723,1800.86395,1302.83948,1668.5834,2418.930433,401.058857,2309.32886,223.496879,1838.677468,2268.658333,1017.217569,1701.592234,323.152263,2128.574814,1169.417321,2375.484186,1175.415749,68.42734,1482.423397,509.924595,1530.256796,141.99777,187.217484,882.105457,781.226437,237.727492,1796.64571,1738.60507,286.158819,1884.553775,72.334485,1696.656756,1904.80004,2140.805388,1434.333582,1189.449991,140.691351,133.265566,1905.956122,2076.026608,2284.495047,2501.586945,1945.167123,1157.762498
1070,1312.078331,766.125282,1194.424501,544.471407,1311.259321,2192.890942,476.134571,2215.279658,2124.422718,1740.426156,1044.691175,2081.630465,1849.0493,0.0,733.441206,2146.361521,1610.842159,2165.067201,1146.147972,1807.174666,152.747429,1611.861437,1081.265584,590.826844,539.376481,163.846341,2737.274249,2125.987492,1550.24399,365.981348,509.77663,1067.632841,2159.348878,2154.925141,937.782731,1615.309687,1205.007561,2070.99448,861.259625,1766.622705,845.005775,1154.92971,222.918512,1136.403368,1014.51202,785.532002,788.844602,686.663838,918.188329,408.455918,817.394821,1063.755271,771.837954,1273.617934,2329.092928,2070.843299,2034.354259,710.262942,101.151566,878.419587,271.884536,671.028178,1744.651642,1101.757598,1664.133511,828.672849,442.29321,1012.669566,217.727055,1525.897037,279.525515,926.534888,779.396787,821.785276,1780.62196,811.39732,2034.763971,509.093456,1777.257151,1700.412905,1137.209143,1219.400882,1685.226465,658.676456,161.605524,1740.612157,727.381889,1815.295905,327.112346,990.089419,468.756399,605.01667,974.599595,1767.984602,1761.606925,777.21908,868.455347,1361.494585,741.685018,2549.572944,2256.55649
2476,1587.453522,204.198848,1528.862869,220.333275,1543.169577,2181.995157,849.034577,1884.2408,1830.001007,1206.455022,463.663859,1551.883731,1268.021984,733.441206,0.0,1825.981707,1029.814843,1785.103312,1010.26073,1226.147351,717.986037,1030.834121,1436.513628,730.165931,415.91993,775.651446,2895.632624,1805.607677,1105.353322,589.315063,695.206319,1112.424145,1779.38499,1834.545327,1272.221099,1853.724806,1069.120319,1691.030591,401.041903,1185.595389,263.978459,826.178556,569.959646,1368.313624,1348.950388,204.504686,1143.283025,357.912685,434.396233,1075.121301,236.367506,735.004117,104.704117,1548.993125,2331.250138,1541.096566,1504.607525,54.54174,685.255857,973.084204,553.916957,1263.330227,1214.904908,1457.005643,1083.106195,1163.111217,1153.050239,683.918412,585.984141,944.869721,1012.966721,426.530398,1133.83521,440.516251,1199.594644,922.835671,1505.017238,277.947915,1196.229835,1119.385589,670.016069,762.437729,1104.19915,881.245489,622.996976,1210.865423,1082.629933,1234.268589,491.827829,1324.527786,909.50995,196.787526,906.764404,1186.957286,1180.579609,1111.657448,1223.703391,1716.74263,1311.928893,2707.931319,1990.15118
1459,1942.283472,1640.883741,1863.6591,1899.55427,1347.747606,495.334689,2482.169886,68.918137,73.333961,856.570926,1390.621583,516.024494,960.326924,2146.361521,1825.981707,0.0,1198.534065,53.837455,1000.21355,976.156982,2071.715187,1052.085155,2298.678623,2363.64015,2160.742955,2199.826993,1683.514629,20.37403,741.944007,2201.040377,2309.711077,1264.733178,143.612583,20.745078,1989.119379,1413.926247,956.590752,147.910176,1526.600853,1052.627228,1562.003249,1077.328911,1923.44301,1292.440418,1991.613091,1621.477021,2776.418335,1545.594783,1503.956022,2126.882262,1614.944158,1174.197497,1821.814579,1898.007675,730.989175,428.131785,391.642744,1880.523447,2109.431404,1308.437174,1874.476986,2727.497887,654.164391,2319.170638,1027.738575,1848.519247,2275.065469,1264.25482,1939.889699,1232.543373,2425.887036,1512.302581,2766.97052,1504.5342,1028.754264,1541.151571,487.264621,1954.119868,914.614935,991.459181,1184.269373,1067.984404,978.720127,1818.504857,2047.172523,725.976837,1894.395553,984.27822,2079.866077,1923.65936,2524.014708,1967.369907,1324.88366,1021.961715,1093.592489,1915.797901,2085.868387,2336.870499,2810.154399,1495.813324,246.355847
2944,1586.735585,844.716877,1663.116091,1188.294564,1480.859019,1617.569231,1852.476411,1243.834098,1207.457927,347.849991,713.577864,794.998229,238.207141,1610.842159,1029.814843,1198.534065,0.0,1144.69661,801.968414,266.291498,1595.38699,223.641002,2148.071759,1733.607765,1445.734773,1653.052399,2338.293759,1183.064598,550.499321,1579.623915,1688.294616,1231.621332,1138.978288,1212.002247,1880.244325,1767.086157,819.204975,1050.623889,905.721685,155.780547,837.810439,782.421742,1447.360599,1425.55183,1843.028572,825.310157,2146.72486,1059.098304,840.805556,1952.522254,793.447338,790.484983,1025.647715,1583.322899,1773.911274,807.264572,834.072292,1084.356583,1562.656809,1260.118115,1431.31791,2180.723292,593.344118,2210.295583,183.297852,1739.644192,2030.451192,822.228428,1463.385093,84.945123,1890.367674,931.21018,2137.277045,937.208608,169.779801,1414.668158,748.131736,1292.049656,289.805982,219.261613,687.116317,586.237297,266.349679,1639.286104,1500.397929,478.44408,1785.520499,220.142697,1458.449616,1805.766764,1902.598247,1196.126441,1146.728627,213.479063,150.764766,1806.922846,1976.993332,2185.461771,2263.379804,2150.592454,1368.59039
1483,1979.907257,1600.005347,1917.496555,1918.259949,1401.585061,549.172143,2500.875566,110.574133,127.171415,815.692531,1380.350575,462.187039,906.48947,2165.067201,1785.103312,53.837455,1144.69661,0.0,1018.91923,924.087473,2090.420867,1011.20676,2352.516078,2382.34583,2179.448635,2218.532673,1737.352083,74.211485,760.649687,2219.746056,2328.416756,1318.570632,89.775129,74.582533,2042.956833,1467.763701,975.296432,94.072722,1545.306532,998.789773,1521.124854,1096.03459,1942.148689,1346.277872,2045.450546,1580.598627,2795.124014,1564.300462,1522.661701,2180.719717,1574.065763,1192.903176,1780.936184,1951.84513,784.82663,374.29433,337.80529,1839.645052,2128.137083,1362.274629,1893.182666,2746.203566,600.326937,2373.008092,975.669066,1902.356701,2328.902923,1282.960499,1958.595378,1191.664978,2444.592716,1531.00826,2785.6762,1523.239879,974.91681,1594.989025,433.427166,1972.825547,873.736541,939.389672,1202.975052,1086.690083,937.841732,1872.342312,2065.878203,685.098443,1948.233007,932.208711,2098.571757,1977.496814,2542.720388,1951.414911,1378.721115,969.892206,1039.755035,1969.635355,2139.705841,2390.707954,2828.860078,1549.650778,300.193301
1528,1184.832033,840.522148,1159.944571,1006.307533,678.890605,1245.48116,1532.152022,1069.131687,1004.23285,594.278185,593.169773,935.482494,794.319964,1146.147972,1010.26073,1000.21355,801.968414,1018.91923,0.0,713.864242,1071.501637,721.188603,1541.227185,1470.393414,1267.496219,1199.613444,1946.065631,979.839521,404.096019,1295.661395,1416.464341,477.533775,1013.200907,1008.77717,1231.66794,989.445834,101.584384,924.846509,650.073468,796.221339,786.996665,229.034101,923.22946,623.583416,1234.161652,845.98727,1844.862054,652.348046,627.428636,1347.449592,839.937574,325.56313,1040.553868,1146.371635,1381.683145,924.695328,888.206288,1064.80247,1109.217854,508.519516,874.263436,1727.284337,598.503671,1561.719199,765.445835,1091.067808,1495.632799,415.96001,939.676149,734.370545,1425.673486,635.775195,1835.414239,628.006814,772.348375,688.103433,888.616,1060.873131,652.322195,729.166441,404.822364,288.537395,710.99489,1002.325746,1046.958974,594.464185,1136.944114,721.98548,1165.287309,1166.207921,1524.773851,1074.12317,395.130028,759.668975,837.1866,1158.346462,1328.416948,1663.30901,1809.940849,1758.364326,1161.011096
85020,1605.313138,1041.049385,1681.693644,1384.627072,1392.754846,1389.305297,2057.085933,1023.22496,980.176282,119.586057,866.379623,574.389092,118.483286,1807.174666,1226.147351,976.156982,266.291498,924.087473,713.864242,0.0,1785.365878,218.201411,2166.649312,1938.556196,1642.06728,1849.384906,2110.029825,955.782952,370.738632,1775.956423,1884.627123,1191.398017,918.36915,984.720602,1898.821878,1571.838863,726.509214,830.014752,1065.864267,120.384661,997.953021,790.979602,1637.093701,1337.447657,1861.606125,1021.642665,2351.334381,1218.101809,1000.948138,2061.313833,989.779846,887.848188,1221.980223,1601.900452,1545.647339,586.655434,613.463154,1280.68909,1758.989317,1222.383757,1588.127677,2377.0558,365.080183,2228.873137,143.041156,1758.221746,2209.49704,936.761846,1653.54039,351.23662,2086.700181,1091.352762,2341.886566,1097.35119,96.511697,1401.967674,527.522598,1488.382163,61.542047,106.761762,801.649734,700.770715,157.271769,1716.189987,1696.730437,250.180145,1804.098052,46.148802,1654.782123,1824.344318,2098.930754,1392.458949,1108.994269,137.264296,161.349922,1825.5004,1995.570886,2204.039324,2459.712312,1922.32852,1140.326455
1002,1159.330903,750.670113,1041.677073,529.016238,1158.511893,2040.143514,588.514253,2140.633324,2049.776384,1665.779822,1008.739904,2006.984131,1833.594131,152.747429,717.986037,2071.715187,1595.38699,2090.420867,1071.501637,1785.365878,0.0,1596.406269,928.518155,660.314765,575.568681,276.226023,2584.526821,2051.341158,1475.597655,435.488094,604.053032,992.986507,2084.702544,2080.278807,785.035303,1462.562259,1130.361226,1996.348146,820.321966,1751.167537,829.550606,1112.545249,148.272178,983.65594,861.764592,770.076834,901.224284,656.713608,877.25067,410.386353,801.939653,1020.794614,756.382785,1120.870506,2176.345499,1996.196965,1959.707925,694.807773,187.123172,803.773252,197.238202,783.40786,1670.005308,949.01017,1648.678342,675.925421,558.56956,971.731907,202.095478,1510.441868,432.272943,885.597229,891.776469,780.847618,1765.166791,736.750986,1960.117637,493.638287,1723.823832,1684.957737,1096.271484,1178.463223,1669.771297,505.929028,170.942684,1665.965822,574.634461,1793.487117,311.657177,837.341991,581.136081,589.561501,899.953261,1752.529433,1746.151756,624.471652,715.707919,1208.747157,866.064372,2396.825516,2181.910156
86810,1477.793025,845.736156,1554.173531,1189.313843,1400.079207,1465.23347,1861.772703,1110.344248,1056.104455,195.51423,671.066393,679.246088,298.657133,1611.861437,1030.834121,1052.085155,223.641002,1011.20676,721.188603,218.201411,1596.406269,0.0,2039.129199,1743.242967,1446.754051,1654.071677,2185.957997,1031.711125,446.666805,1580.643194,1689.313894,1150.84152,1005.488438,1060.648774,1771.301765,1647.767036,738.425164,917.134039,870.551038,281.836149,802.639792,701.64193,1448.379878,1344.772019,1734.086012,826.329436,2156.021152,1022.78858,805.634909,1948.100226,794.466616,709.705172,1026.666993,1474.380339,1621.575512,691.51243,718.32015,1085.375861,1563.676088,1179.338304,1432.337189,2181.742571,441.008356,2101.353024,110.649881,1630.701632,2031.47047,741.448617,1464.404372,185.056668,1891.386952,896.039533,2146.573337,902.037961,276.685544,1358.922221,632.379594,1293.068934,169.094751,111.439649,606.336505,505.457486,73.365029,1602.97638,1501.417207,326.108318,1676.577939,226.322649,1459.468894,1696.824204,1903.617525,1197.14572,1065.948815,179.011346,226.089992,1697.980286,1868.050772,2076.519211,2264.399083,1998.256692,1216.254628
237,625.360436,1433.116836,484.955668,1405.354448,1000.867162,2062.72578,1517.032408,2367.59676,2237.111591,2081.092582,1498.469664,2422.29689,2264.740453,1081.265584,1436.513628,2298.678623,2189.051799,2352.516078,1541.227185,2184.28473,928.518155,2090.738297,0.0,1588.83292,1504.086836,1204.744178,1996.315756,2278.304594,1945.323203,1364.006249,1532.571187,1161.24587,2442.291206,2307.242243,437.659431,1142.498643,1600.086773,2427.52471,1310.051726,2247.919469,1482.745567,1594.091436,1076.790333,1006.238206,418.279631,1452.523556,1725.414172,1244.942734,1366.98043,748.034493,1484.386375,1502.340801,1489.957167,598.353227,2018.208319,2411.509724,2375.020684,1491.055368,1115.641327,1108.603176,1125.756357,1579.167277,2085.318067,361.154471,2041.243574,489.221708,892.619759,1461.461667,1130.613633,2109.609121,1065.958557,1375.326989,1715.966358,1270.577378,2242.768864,898.049392,2375.430396,1422.156442,2139.136591,2077.522969,1586.001244,1668.192983,2124.611036,555.26814,1099.460839,2081.278582,404.283071,2192.405968,1240.175332,628.851494,1509.654236,1473.170086,1146.542998,2145.094665,2192.173312,476.084794,212.810237,280.229002,1594.268519,1808.614451,2209.684228
1709,1819.645668,897.506812,1701.991837,583.234388,1818.826658,2673.149779,118.868646,2432.558287,2367.65945,1918.863868,1176.072704,2264.292577,1971.814906,590.826844,730.165931,2363.64015,1733.607765,2382.34583,1470.393414,1938.556196,660.314765,1743.242967,1588.83292,0.0,314.246001,426.980504,3244.841586,2343.266121,1767.522618,224.845497,94.686937,1521.861215,2376.627507,2372.20377,1445.350067,2122.877023,1529.253002,2288.273109,992.641155,1889.388312,976.387304,1286.31124,634.635218,1643.970705,1522.079357,916.913532,413.117095,818.045368,1049.569858,943.301328,948.776351,1195.136801,737.199203,1781.18527,2809.351764,2253.505411,2217.016371,675.624191,500.469668,1332.64796,646.22463,533.164297,1927.313754,1609.324935,1795.515041,1336.240185,928.039492,1144.051096,580.811918,1648.662643,679.111627,1057.916417,403.66928,953.166806,1903.387566,1265.625694,2217.426083,517.470167,1908.638681,1831.794435,1268.590672,1350.782412,1816.607995,1166.243793,489.372081,1923.274269,1234.949225,1946.677435,378.940837,1497.656755,186.797663,608.73725,1348.93969,1899.366131,1884.372531,1284.786417,1376.022683,1869.061922,581.762963,3057.140281,2524.437696
2025,1734.899583,602.816099,1617.245753,354.527739,1734.080573,2470.252584,433.114647,2229.661092,2164.762255,1622.374952,879.583788,1967.803661,1683.941913,539.376481,415.91993,2160.742955,1445.734773,2179.448635,1267.496219,1642.06728,575.568681,1446.754051,1504.086836,314.246001,0.0,375.53014,3160.095501,2140.368926,1521.273252,173.395133,279.286389,1369.659634,2173.730312,2169.306575,1360.603983,2038.130939,1326.355808,2085.375914,789.74396,1601.515319,679.898388,1083.414045,543.345964,1559.22462,1437.333272,620.424616,727.363095,615.148173,846.672664,891.850965,652.287435,992.239606,422.953203,1696.439186,2606.454569,1957.016495,1920.527455,361.37819,449.019304,1230.319693,554.935376,847.410297,1630.824838,1524.57885,1499.026125,1251.494101,876.589128,941.153901,489.522664,1360.78965,704.535504,842.450327,717.915281,750.269612,1615.514573,1180.07116,1920.937167,306.517919,1612.149765,1535.305519,1065.693478,1147.885217,1520.119079,1081.497708,437.921717,1626.785353,1150.203141,1650.188519,263.911504,1412.910671,493.59002,294.491249,1163.999893,1602.877215,1596.499539,1200.040332,1291.276599,1784.315837,896.008964,2972.394196,2321.540501
1213,1435.556926,808.335522,1317.903096,586.681647,1434.737916,2316.369537,386.937096,2268.74513,2177.88819,1793.891628,1086.901415,2135.095937,1891.25954,163.846341,775.651446,2199.826993,1653.052399,2218.532673,1199.613444,1849.384906,276.226023,1654.071677,1204.744178,426.980504,375.53014,0.0,2860.752844,2179.452964,1603.709462,202.135007,370.718771,1185.143604,2212.81435,2208.390613,1061.261326,1738.788281,1258.473032,2124.459952,903.469865,1808.832945,887.216015,1197.13995,298.761213,1259.881963,1137.990615,827.742242,699.647128,728.874078,960.398569,531.934513,859.605061,1105.965511,798.483342,1397.096528,2452.571522,2124.308771,2087.819731,736.90833,163.752057,995.93035,325.350008,581.830704,1798.117114,1225.236193,1706.343751,952.151444,501.058989,1054.879806,259.937295,1568.107277,329.005365,968.745128,690.199313,863.995516,1822.8322,928.908083,2088.229443,551.303696,1819.467391,1742.623145,1179.419383,1261.611122,1727.436705,782.155051,152.65447,1794.077628,850.860484,1857.506145,331.00029,1113.568013,379.558925,647.22691,1028.065067,1810.194842,1803.817165,900.697675,991.933942,1484.97318,664.487216,2673.051539,2323.306801
22014,1748.573648,2710.534658,1653.887885,2909.648369,1432.519792,1320.361686,3173.041073,1752.432765,1610.180668,1990.443768,2455.832075,1990.432655,2132.868427,2737.274249,2895.632624,1683.514629,2338.293759,1737.352083,1946.065631,2110.029825,2584.526821,2185.957997,1996.315756,3244.841586,3160.095501,2860.752844,0.0,1663.140599,1807.154499,3020.014914,3188.579853,1889.941527,1827.127211,1692.078248,1910.529655,1165.0158,1856.98132,1831.424804,2553.414303,2192.386922,2631.654165,2137.485218,2720.377178,1607.375745,1833.800366,2691.127938,3431.893524,2555.688882,2530.769472,2429.12139,2684.595074,2228.903966,2891.465496,1721.566439,1229.116406,1979.645489,1943.156449,2950.174363,2771.649992,2056.570145,2699.512874,3285.646629,1826.705894,2142.841263,2161.611418,1989.094286,2577.304597,2324.411127,2764.925587,2319.069487,2772.437909,2539.116031,3422.445709,2531.34765,2168.513958,2119.212454,1943.566161,2964.213967,2048.487778,2125.332024,2249.479864,2133.194895,2112.592969,2190.467128,2755.469505,1859.84968,2034.970592,2118.151063,2896.183998,1846.316625,3165.662902,2977.464006,2073.016631,2155.834558,2233.352183,2056.37294,2059.388066,1716.086754,3300.747871,187.701305,1532.728461
1433,1921.909442,1620.509712,1843.285071,1879.18024,1327.373577,503.52726,2461.795857,89.292167,52.959931,836.196896,1370.247553,536.398523,944.857457,2125.987492,1805.607677,20.37403,1183.064598,74.211485,979.839521,955.782952,2051.341158,1031.711125,2278.304594,2343.266121,2140.368926,2179.452964,1663.140599,0.0,721.569978,2180.666347,2289.337047,1244.359148,163.986613,28.93765,1968.745349,1393.552217,936.216723,168.284206,1506.226823,1037.15776,1541.629219,1056.954881,1903.06898,1272.066388,1971.239062,1601.102991,2756.044305,1525.220753,1483.581992,2106.508233,1594.570128,1153.823467,1801.440549,1877.633646,739.181747,448.505814,412.016774,1860.149417,2089.057374,1288.063145,1854.102957,2707.123857,638.694924,2298.796608,1007.364546,1828.145217,2254.691439,1243.88079,1919.515669,1212.169343,2405.513007,1491.928551,2746.596491,1484.16017,1013.284797,1520.777541,507.63865,1933.745838,894.240906,971.085151,1163.895343,1047.610374,958.346097,1798.130828,2026.798494,705.602808,1874.021523,963.904191,2059.492048,1903.28533,2503.640679,1946.995877,1304.509631,1001.587685,1078.123022,1895.423871,2065.494357,2316.49647,2789.780369,1475.439294,254.548419
1779,1365.084046,920.255357,1441.464552,1263.833044,1082.986623,1093.517033,1886.052355,810.862144,745.963307,251.152576,700.600585,592.356885,451.194355,1550.24399,1105.353322,741.944007,550.499321,760.649687,404.096019,370.738632,1475.597655,446.666805,1926.42022,1767.522618,1521.273252,1603.709462,1807.154499,721.569978,0.0,1604.922845,1713.593545,881.629793,754.931364,750.507627,1635.763958,1216.586836,363.406611,666.576966,909.28611,453.09573,841.374864,481.211379,1327.325478,1027.679434,1621.377033,900.848636,2180.300803,949.477251,844.369981,1751.54561,894.315773,578.079965,1101.186194,1361.67136,1242.772014,581.569719,545.080679,1159.895062,1513.313872,912.615534,1278.359454,2131.380355,255.378061,1965.815217,422.320226,1495.163826,1899.728817,668.137288,1343.772167,511.914988,1829.769504,916.185049,2170.852988,908.416668,429.222766,1092.199451,545.490391,1358.002336,309.196586,386.040832,588.151841,471.866872,373.301777,1406.421764,1451.054992,251.338576,1541.040132,378.859871,1483.748545,1570.303939,1927.897177,1271.664921,799.226046,416.543366,494.060991,1562.44248,1732.512966,1963.810232,2214.036867,1619.453194,902.741553
1708,1594.818996,734.907039,1477.165166,420.634614,1593.999986,2463.806963,341.042573,2269.958513,2205.059677,1756.264094,1013.472931,2101.692804,1817.831056,365.981348,589.315063,2201.040377,1579.623915,2219.746056,1295.661395,1775.956423,435.488094,1580.643194,1364.006249,224.845497,173.395133,202.135007,3020.014914,2180.666347,1604.922845,0.0,168.583764,1297.034544,2214.027734,2209.603997,1220.523396,1898.050352,1354.520984,2125.673335,830.041382,1735.404462,813.787531,1123.711467,409.808546,1419.144033,1297.252686,754.313759,635.291022,655.445595,886.970085,718.474657,786.176578,1032.537028,596.348335,1556.358599,2600.008948,2090.905638,2054.416598,534.773323,275.642996,1107.821289,421.397959,755.338224,1764.713981,1384.498263,1632.915268,1111.413514,703.193995,981.451322,355.985246,1494.678793,531.140372,895.316644,625.843207,790.567033,1749.403716,1040.799023,2054.82631,354.870394,1746.038908,1669.194662,1105.990899,1188.182639,1654.008222,941.417121,264.54541,1760.674495,1010.122554,1784.077661,214.008404,1272.830084,382.887395,450.793608,1124.113019,1736.766358,1730.388681,1059.959745,1151.196012,1644.23525,803.93689,2832.313609,2361.837922
1756,1763.383935,843.577739,1645.730105,529.305315,1762.564925,2619.220706,172.45881,2378.629214,2313.730377,1864.934794,1122.143631,2210.363504,1926.501756,509.77663,695.206319,2309.711077,1688.294616,2328.416756,1416.464341,1884.627123,604.053032,1689.313894,1532.571187,94.686937,279.286389,370.718771,3188.579853,2289.337047,1713.593545,168.583764,0.0,1465.599482,2322.698434,2318.274697,1389.088335,2066.61529,1475.323929,2234.344035,938.712082,1844.075162,922.458231,1232.382167,578.373485,1587.708972,1465.817624,862.984459,466.707258,764.116295,995.640785,877.864802,894.847278,1141.207728,702.239591,1724.923537,2755.422691,2199.576338,2163.087298,640.664579,444.207935,1276.386228,589.962898,586.75446,1873.384681,1553.063202,1741.585968,1279.978453,846.989277,1090.122022,524.550185,1603.349493,674.935654,1003.987344,457.259444,899.237733,1858.074416,1209.363961,2163.49701,463.541094,1854.709608,1777.865362,1214.661599,1296.853339,1762.678922,1109.98206,433.110348,1869.345196,1178.687492,1892.748362,322.679104,1441.395022,214.303632,559.464308,1292.677957,1845.437058,1839.059381,1228.524684,1319.76095,1812.800189,635.353127,3000.878548,2470.508622
774,804.850718,942.685563,779.963257,1108.470948,457.421735,1250.991954,1503.399665,1333.651315,1204.424753,1071.81196,695.333188,1413.016269,1271.853739,1067.632841,1112.424145,1264.733178,1231.621332,1318.570632,477.533775,1191.398017,992.986507,1150.84152,1161.24587,1521.861215,1369.659634,1185.143604,1889.941527,1244.359148,881.629793,1297.034544,1465.599482,0.0,1408.345761,1273.296798,851.686626,767.976964,536.393364,1390.833969,752.236883,1273.755114,895.018588,532.886984,923.759003,282.565782,854.180338,948.150685,1816.109697,754.511461,729.592051,989.449509,947.959497,441.136349,1142.717283,766.390321,1387.193939,1402.229103,1365.740063,1166.965885,1094.748015,189.213255,902.894699,1698.293273,1076.037446,1181.737885,1203.113594,711.086494,1137.632716,536.887819,968.307412,1148.648947,1332.766027,737.93861,1806.661882,730.170229,1249.88215,421.927652,1366.149775,1163.036546,1129.85597,1206.700216,602.633444,660.789985,1188.528665,638.605885,1032.489135,1071.99796,756.9628,1199.519255,1173.203628,786.226607,1496.021494,1176.286585,205.659741,1237.20275,1314.720375,778.365148,948.435633,1283.327696,1780.949785,1702.240222,1334.432908
1577,1974.188935,1594.287024,2007.271683,1912.541626,1491.360189,638.947271,2495.157243,104.855811,216.946543,809.974208,1374.632252,456.468717,900.771147,2159.348878,1779.38499,143.612583,1138.978288,89.775129,1013.200907,918.36915,2084.702544,1005.488438,2442.291206,2376.627507,2173.730312,2212.81435,1827.127211,163.986613,754.931364,2214.027734,2322.698434,1408.345761,0.0,164.357661,2132.731962,1557.538829,969.578109,88.354399,1539.588209,993.07145,1515.406531,1090.316267,1936.430366,1436.053001,2135.225674,1574.880304,2789.405691,1558.582139,1516.943378,2270.494845,1568.347441,1187.184853,1775.217862,1970.776248,874.601758,368.576008,332.086967,1833.926729,2122.41876,1452.049757,1887.464343,2740.485243,594.608614,2462.783221,969.950744,1992.131829,2418.678051,1277.242176,1952.877055,1185.946656,2438.874393,1525.289937,2779.957877,1517.521556,969.198487,1684.764153,427.708843,1967.107225,868.018218,933.671349,1197.256729,1080.97176,932.12341,1962.11744,2060.15988,679.38012,2038.008136,926.490388,2092.853434,2067.271943,2537.002065,1945.696588,1408.330934,964.173883,1034.036712,2059.410483,2229.480969,2480.483082,2823.141755,1639.425906,389.96843
