,21968,808,21970,21858,252,132,295,21915,21832,21894,425,21836,21918,224,436,21937,21843,1089,1042,21810,779,929,21842,21870,253,21822,21961,554,242,211,907,21911,333,945,792,21964,870,887,180,21962,1288,854,21908,22077,294,482,21879,933,943,913,1065,301,249,231,21817,423,1033,910,873,834,21818,21909,268,928,930,21848,1219,1448,225,912,1036,21856,261,21881,1014,22078,21934,284,432,21850,21929,562,825,871,21834,275,21910,914,22081,21890,302,21955,21931,946,21978,21846,290,216,21835,1295,21972
21968,0.0,1765.078587,444.91549,858.017914,1170.408196,2971.199748,1113.25475,402.293822,932.663602,428.050414,1451.672606,816.320861,294.882482,1398.467734,2479.459253,287.095082,902.424181,2285.820776,1936.268012,1175.027578,2202.625672,1826.763789,969.111633,675.189988,979.441305,1007.640221,468.68924,2064.499638,1190.540942,953.270196,2306.608119,572.882752,1369.013814,2333.972814,2311.987077,96.223283,2214.419711,2303.933117,769.635966,222.61923,2141.912141,2271.375332,646.753034,308.123586,1180.82897,2637.557031,730.169932,1948.356284,2166.799628,2353.572119,2283.641426,1484.365728,1097.806445,831.412101,1140.179538,1541.665978,2638.74942,2310.068727,2293.423953,1886.437045,1017.896105,645.581341,1542.105969,1833.769959,1921.754199,736.316857,2096.804011,2611.730058,1350.254922,2340.186741,2434.74004,913.676698,1176.412291,619.726108,1863.199678,159.695185,203.261008,1388.717093,2357.324731,704.218994,604.862013,2152.54188,2253.363323,2270.587771,1026.519112,2020.188633,570.852131,2311.833308,1203.43249,455.987739,1633.190696,112.23301,538.932525,2339.343767,474.244396,816.891731,1192.68378,959.154179,978.663094,2187.545156,302.956841
808,1796.45884,0.0,1490.74277,1421.243638,836.121603,3408.639346,678.990609,1755.545556,1683.14171,1957.941276,313.405982,2129.605616,1829.316359,1115.406031,1567.865878,1650.627189,1504.851498,629.274661,171.189426,2003.684836,827.490751,61.685203,1418.95794,1787.945277,860.676842,1638.821057,1497.875029,939.162727,974.864238,1264.335756,846.872047,1386.179815,722.549255,902.647873,1111.370626,1700.235557,714.414821,687.38312,1287.189794,1578.646698,376.833555,857.481133,1315.658418,1734.608954,699.266453,1757.806198,1521.764686,245.567192,510.253513,922.247179,783.636536,1011.219319,889.71524,933.666486,1809.54733,470.44134,1308.614061,878.743786,840.323375,245.662072,1910.970979,1306.535054,1346.438146,68.691373,156.675613,1670.958821,384.287841,1241.261532,1299.261642,908.8618,1003.415099,1400.733594,802.375237,2105.592087,98.121092,1778.027085,1739.64499,1214.21976,1563.373707,1780.210405,1319.800259,1222.53818,912.074841,840.996483,1438.239906,1812.504655,1414.313405,828.449242,884.706553,1941.853718,1255.608064,1753.438563,1403.269139,908.018827,1703.884287,1624.316199,832.126639,1019.633349,1487.373957,530.883692,1632.701419
21970,444.91549,1490.74277,0.0,469.367316,875.483966,2751.862346,838.918934,621.651274,917.22301,810.693503,1177.336789,1148.445948,677.525572,1101.828571,2260.121851,516.732907,718.830658,1989.181614,1661.932196,1302.183752,1905.986509,1552.427972,580.461035,850.580437,705.105488,872.902357,92.034254,1767.860475,893.90178,656.631033,2033.616952,295.572774,1094.677997,2089.392778,2092.649675,348.692207,1917.780549,2007.293954,394.958572,410.185426,1867.576324,2004.025714,321.962654,600.714672,906.493154,2418.219629,541.897637,1674.020467,1870.160466,2108.992083,1987.002264,1187.726566,802.882215,557.076284,1111.014084,1267.330162,2419.412018,2065.488691,2011.456633,1612.101229,1145.052279,251.565457,1322.768567,1559.434143,1647.418383,884.937981,1822.468195,2392.392656,1130.91752,2095.606705,2190.160004,525.0261,879.773129,951.851194,1588.863861,477.066838,585.904098,1114.381276,2137.987329,879.609443,170.942512,1933.204478,2015.827652,2010.916768,672.321207,1800.851231,394.661392,2015.194146,984.095088,788.112825,1413.853294,557.1485,204.179537,2094.763731,355.076375,729.586833,897.759549,662.515017,701.353117,1890.905993,141.95865
21858,858.017914,1421.243638,469.367316,0.0,636.76946,2371.472287,789.551405,637.151554,447.855695,627.506117,1107.837657,894.319601,760.674048,695.418003,1879.731793,623.886449,269.565483,1582.771046,1592.433063,832.816437,1499.575941,1482.92884,111.093719,405.659877,624.612271,403.535042,476.499575,1361.449907,561.109807,250.220465,1627.206383,285.135163,1064.187733,1682.982209,1698.695501,761.794632,1511.369981,1600.883386,134.053845,635.398685,1654.754672,1597.615145,220.841314,665.721622,721.977185,2037.82957,174.628027,1470.545228,1463.749898,1702.581515,1580.591696,781.315997,547.848054,554.007329,641.646769,1075.690896,2025.457845,1659.078122,1605.046064,1408.62599,675.684964,217.801859,942.378508,1489.935011,1497.612449,435.672806,1584.500984,1998.438483,750.527462,1689.196136,1783.749435,55.658784,618.868401,1023.184402,1519.364729,751.286346,788.18857,1147.975419,1757.597271,434.688883,298.424805,1545.055926,1609.417083,1604.506199,202.953891,1420.461172,309.919868,1608.783578,1008.766797,934.13376,1025.704742,830.617164,376.5284,1688.353163,756.183187,284.666273,766.987307,401.610289,252.087942,1484.495425,611.325965
252,1220.316955,836.121603,875.483966,636.76946,0.0,2691.970561,204.42937,1065.458425,966.472924,1173.467098,522.715622,1412.93683,1214.057554,398.737245,1591.797898,1035.368384,788.182712,1286.090288,1007.311028,1287.01605,1202.895183,897.806805,702.289155,1042.429336,224.789915,922.152271,882.616225,1064.769149,190.39006,547.66697,1330.525626,700.828246,479.065698,1386.301452,1402.014744,1124.093673,1214.689223,1304.202628,502.715616,1002.504813,1212.955157,1300.934387,626.957964,1119.35015,224.705214,1848.680852,737.290508,1019.3993,1167.06914,1405.900757,1283.910938,484.635239,88.921406,372.819119,1092.878544,612.708995,1728.777087,1362.397364,1308.365306,957.480062,1194.302193,623.918509,654.444613,904.812976,992.797215,954.290036,1167.847028,1701.757725,607.268109,1392.515379,1487.068678,684.064809,176.261409,1529.450202,934.242694,1162.768281,1163.503106,894.442055,1469.663376,1063.54162,704.541454,1248.375168,1312.736325,1307.825441,721.571121,1132.527278,725.612951,1312.10282,437.312087,1365.711833,729.023985,1177.296678,788.010335,1391.672405,1127.742403,907.647414,169.696732,235.159171,770.705171,1187.814667,1017.442615
132,2988.156609,3437.688982,2710.680272,2349.911401,2721.020196,0.0,2805.996749,2766.121496,2254.211532,2738.746026,3124.283001,2678.948053,2871.913957,2322.282951,2041.939457,2860.943296,2323.630165,3027.269075,3401.804687,2078.97362,2641.461714,3443.384612,2238.817682,2516.899786,2784.286954,2118.71151,2717.812532,2606.246632,2562.488465,2253.9736,2660.071308,2606.117317,3080.633077,2648.237555,2507.412823,2891.933326,2833.094488,2925.895638,2399.593563,2770.344467,3441.46876,2646.477755,2546.026134,2776.96153,2738.422529,1701.266277,2513.96325,3275.329642,3028.240557,2584.696176,2861.786734,2530.156932,2632.09879,2731.237658,2154.309626,3007.56707,2198.329294,2628.199569,2668.526377,3233.952887,2236.105093,2526.472556,2255.298024,3390.381102,3302.396862,2390.034874,3371.215073,2562.01865,2242.114609,2631.047497,2636.475467,2294.252617,2635.313745,2900.744456,3479.820501,2925.389931,2931.34276,3300.691353,2020.055106,2380.866122,2539.737761,2421.88579,2628.465746,2645.690194,2257.018574,1925.716236,2635.104687,2750.669351,3029.901863,2903.467344,2345.960904,2945.136332,2623.206641,2681.081165,2895.582057,2358.90721,2783.43265,2573.250305,2296.078325,3271.209514,2852.638921
295,1144.635003,678.990609,838.918934,789.551405,204.42937,2776.947113,0.0,1103.72172,1051.449477,1310.660454,365.584628,1497.913383,1177.492523,483.713798,1506.886577,998.803353,873.159265,1191.729297,850.180035,1371.992603,1108.534192,740.675812,787.265707,1156.253044,208.853006,1007.128824,846.051193,970.408159,343.172005,632.643523,1236.164635,734.355978,303.05744,1291.940461,1307.653753,1048.411721,1120.328232,1209.841638,655.497561,926.822862,1055.824164,1206.573397,683.966185,1082.785118,67.57422,1826.872785,890.072453,862.268307,1072.708149,1311.539767,1189.549947,390.274249,258.023007,281.84265,1177.855097,455.578001,1634.416097,1268.036374,1214.004316,800.349068,1279.278746,654.711218,725.493076,747.681982,835.666222,1039.266588,1010.716034,1607.396734,678.316572,1298.154388,1392.707687,769.041362,170.683004,1453.76825,777.111701,1126.203249,1087.821154,690.012685,1384.752055,1148.518172,667.976423,1154.014177,1218.375335,1213.464451,806.547674,1203.408538,782.621173,1217.741829,232.882717,1290.029882,634.662994,1101.614726,751.445303,1297.311414,1052.060451,992.623966,200.434406,387.941116,855.681724,1093.453677,980.877583
21915,402.293822,1755.545556,621.651274,637.151554,1065.458425,2780.802671,1103.72172,0.0,613.699982,221.395134,1442.139575,744.773232,194.235726,1251.970807,2301.006796,167.871629,583.460561,2156.965852,1926.734982,858.076241,2073.770747,1817.230759,691.868328,356.226368,920.469843,688.676601,572.904262,1931.88521,1061.686018,824.415271,2128.155662,443.669654,1359.480784,2155.520357,2133.53462,337.861795,2085.564787,2175.078193,562.74281,399.355014,2132.37911,2092.922875,443.262235,94.170236,1147.504263,2447.159954,503.925048,1938.823254,2037.944704,2175.119662,2154.786502,1355.510804,976.53702,821.879071,821.215919,1532.132948,2460.296963,2131.61627,2114.971496,1876.904015,700.944769,513.659431,1363.653512,1824.236929,1912.221169,417.353238,2087.270981,2433.277601,1171.802465,2161.734284,2256.287583,636.433393,1047.557367,650.824239,1853.666648,242.598637,279.500862,1379.184063,2178.872274,385.255374,529.633448,1974.089423,2074.910866,2092.135314,760.133217,1841.736176,344.607248,2182.978384,1248.897874,420.229672,1454.738239,370.52886,460.758979,2160.89131,650.98018,497.928112,1092.495782,830.299255,677.199627,2058.690232,479.692625
21832,932.663602,1683.14171,917.22301,447.855695,966.472924,2268.892707,1051.449477,613.699982,0.0,586.324512,1369.735729,540.040197,719.492443,714.879494,1763.915483,708.521782,229.968119,1780.204208,1823.769605,384.960743,1543.380166,1744.826912,336.761976,364.478272,1027.213274,151.585288,837.320896,1394.793896,787.859138,479.344274,1591.064348,633.782376,1326.085805,1618.429043,1596.443306,901.343048,1586.029621,1678.830771,581.909539,832.990365,1881.504003,1555.831561,633.348746,624.540017,983.875257,1935.24999,450.056333,1697.29456,1690.499229,1638.028349,1655.251336,922.753475,877.551518,956.608332,309.305955,1302.440227,1923.20565,1594.524956,1577.880183,1635.375321,227.82927,665.657553,826.562198,1751.833082,1724.36178,269.343878,1811.250316,1896.186288,634.711152,1624.64297,1719.196269,392.196911,880.766473,848.85018,1781.262801,772.968418,809.870642,1566.867531,1641.780961,228.444609,746.280499,1436.998109,1537.819552,1555.044001,244.901804,1304.644862,608.630787,1652.587802,1284.332193,759.799538,917.646926,900.89864,725.175613,1623.799996,1096.043453,238.216214,1028.885378,798.620978,228.002034,1711.244756,1003.053295
21894,428.050414,1957.941276,817.776771,627.506117,1173.467098,2753.4272,1310.660454,221.395134,586.324512,0.0,1644.535295,615.426702,133.167932,1224.595337,2273.631326,311.857102,556.085091,2136.170184,2129.130702,746.977165,2052.975079,2019.626478,664.492857,287.532973,1141.864976,661.301131,779.842996,1904.509739,1114.508945,803.619603,2100.780191,650.608388,1566.419517,2128.144886,2106.159149,504.678367,2064.769119,2154.282524,670.751483,595.480511,2208.15381,2065.547404,664.657368,232.235168,1258.674823,2419.784483,544.329126,2023.944366,2017.149036,2147.744192,2133.990834,1334.715135,1084.545692,1028.817804,762.243707,1629.090034,2432.921493,2104.240799,2087.596026,1962.025128,589.845692,723.306977,1336.278041,2026.632649,2051.011587,389.977767,2137.900123,2405.902131,1144.426995,2134.358813,2228.912112,609.057922,1155.56604,556.005625,2056.062367,376.303737,224.789406,1586.122796,2151.496804,357.879904,736.572182,1946.713952,2047.535395,2064.759843,732.757746,1814.360705,566.002381,2162.182716,1440.088375,359.161877,1427.362769,315.817404,667.697713,2133.515839,847.105677,470.552641,1303.684945,938.307928,649.824156,2037.894563,675.818122
425,1483.052859,313.405982,1177.336789,1107.837657,522.715622,3095.233365,365.584628,1442.139575,1369.735729,1644.535295,0.0,1816.199635,1515.910378,802.00005,1388.422617,1337.221208,1191.445517,852.597301,484.595407,1690.278855,830.924765,375.091184,1105.551959,1474.539296,547.270861,1325.415076,1184.469048,692.798732,661.458257,950.929775,958.555208,1072.773834,409.143274,1014.331034,1030.044326,1386.829576,842.718805,870.709642,973.783813,1265.240717,690.239536,928.96397,1002.252437,1421.202973,385.860472,1578.362938,1208.358705,496.683679,733.576153,1033.93034,911.94052,700.905552,576.309259,620.260505,1496.141349,157.035359,1356.806669,990.426947,936.394889,434.76444,1597.564998,993.129073,1036.124379,382.097354,470.081594,1357.55284,645.131406,1329.787307,988.947875,1020.544961,1115.09826,1087.327613,488.969256,1792.186106,411.527073,1464.621104,1426.239009,940.461779,1317.009712,1466.804424,1006.394278,982.31897,940.765908,935.855024,1124.833925,1514.039841,1100.907424,940.132402,571.300572,1628.447737,945.294297,1440.032582,1089.863158,1019.701987,1390.478306,1310.910218,518.720658,706.227368,1173.967976,754.321681,1319.295438
21836,805.229421,2129.605616,1131.888538,894.319601,1412.93683,2693.629228,1497.913383,744.773232,540.040197,615.426702,1816.199635,0.0,633.723788,1232.293384,2281.329373,706.404435,624.754119,2255.984283,2270.233511,599.974433,2060.794056,2191.290818,783.225882,558.659178,1473.67718,691.625484,1126.035209,1912.207787,1234.323045,925.80818,2108.478239,1045.155721,1772.549711,2135.842934,2113.857197,848.09906,2103.443511,2196.244661,1028.373445,909.592278,2327.967909,2073.245452,1047.578372,727.432939,1430.339163,2359.986511,816.543087,2143.758466,2136.963135,2155.44224,2172.665226,1440.167365,1324.015424,1382.179753,615.240976,1748.904134,2440.61954,2111.938847,2095.294074,2081.839227,447.60291,1112.121459,1343.976089,2198.296988,2170.825686,612.765043,2257.714222,2413.600178,1152.125042,2142.056861,2236.61016,838.660817,1327.230379,362.370184,2227.726707,770.851071,619.336739,1939.484745,2159.194851,465.031196,1131.119515,1954.412,2055.233443,2072.457891,784.942,1822.058753,975.11754,2170.001693,1730.796099,360.333123,1435.060816,692.996412,1062.245046,2141.213887,1161.217444,633.002214,1475.349284,1245.084884,718.493184,2157.708663,989.929889
21918,294.882482,1829.316359,684.60884,760.674048,1214.057554,2886.595131,1177.492523,194.235726,719.492443,133.167932,1515.910378,633.723788,0.0,1357.763268,2406.799257,178.689171,689.253022,2269.338115,2000.505784,880.145096,2186.14301,1891.001561,797.660788,420.700904,1043.679077,794.469062,646.675065,2037.67767,1227.110083,936.787534,2233.948122,517.440457,1433.251586,2261.312817,2239.32708,371.510436,2197.93705,2287.450455,728.166876,462.31258,2206.149913,2198.715335,591.310739,199.717675,1245.066743,2552.952414,674.727637,2012.594056,2150.316967,2280.912123,2267.158765,1467.883066,1141.455803,895.649873,895.411638,1605.903751,2566.089424,2237.40873,2220.763957,1950.674817,723.013623,590.139046,1469.445972,1898.007732,1985.991971,523.145698,2161.041783,2539.070062,1277.594926,2267.526744,2362.080043,742.225853,1212.981432,503.985234,1927.43745,243.135806,91.621475,1452.954865,2284.664735,491.047835,603.404251,2079.881883,2180.703326,2197.927775,865.925677,1947.528636,515.409836,2295.350647,1306.920443,273.390666,1560.5307,182.649473,534.529782,2266.68377,713.937746,603.720572,1236.333138,995.72332,782.992087,2171.062494,542.650191
224,1457.531043,1115.406031,1101.828571,695.418003,398.737245,2293.233316,483.713798,1251.970807,714.879494,1224.595337,802.00005,1232.293384,1357.763268,0.0,1354.047215,1256.347704,743.877122,1192.364269,1206.613497,888.278805,1109.169164,1177.091233,657.983565,1002.749097,462.004003,563.294206,1108.960831,971.043131,320.925849,503.361381,1181.196081,917.596418,758.350126,1208.560776,1186.575039,1361.30776,1120.963204,1210.47661,706.87,1239.718901,1264.347895,1145.963294,853.30257,1262.810841,416.139578,1610.930169,867.357246,1080.138452,1073.343121,1228.160082,1190.184919,390.909221,309.815839,610.033207,694.1413,685.28412,1513.337382,1184.656689,1168.011916,1018.219213,866.539315,850.263114,416.693931,1184.097403,1107.205672,834.61757,1194.094208,1486.31802,224.842885,1214.774703,1309.328002,639.759219,313.030794,1531.178678,1213.527122,1383.747601,1400.717194,1173.726482,1231.912693,920.697796,930.88606,1027.129842,1127.951285,1145.175733,677.265531,894.776595,942.381124,1218.376801,716.596514,1452.052726,507.778659,1414.510766,1008.989655,1213.931729,1364.956491,803.489906,461.149699,439.733949,716.263939,1094.088649,1243.787221
436,2556.108205,1567.865878,2278.631868,1888.478656,1591.797898,2041.939457,1506.886577,2301.006796,1763.915483,2273.631326,1388.422617,2281.329373,2406.799257,1354.047215,0.0,2395.828596,1844.277799,1136.062478,1510.59809,1694.425672,750.255117,1552.178015,1806.769278,2051.785086,1655.064656,1612.330195,2285.764127,715.040035,1513.986501,1696.422033,790.503945,2110.657071,1781.522905,807.200101,616.206226,2459.884922,941.887891,1034.689041,1899.930652,2338.296063,1550.262163,755.271158,2046.363222,2311.84683,1439.312357,340.673181,2049.372077,1384.123045,1137.03396,743.658722,970.580137,1116.612329,1502.876492,1788.729227,1743.177288,1289.934198,506.357176,787.162115,777.31978,1342.74629,1851.557145,2043.323767,937.353285,1499.174505,1411.190265,1883.653559,1480.008476,773.508852,1129.204331,790.010043,795.438014,1832.819872,1426.758531,2516.196508,1588.613904,2460.275231,2497.177456,2196.899262,122.134522,1969.733785,2107.689357,530.679193,737.259149,754.483598,1782.199697,802.590417,2135.441776,859.462754,1739.769294,2501.088715,872.223584,2513.087928,2191.158237,823.239593,2463.533653,1852.525895,1484.322479,1632.794601,1765.299927,1380.002917,2420.590517
21937,287.095082,1650.627189,516.732907,623.886449,1035.368384,2875.62447,998.803353,167.871629,708.521782,311.857102,1337.221208,706.404435,178.689171,1256.347704,2395.828596,0.0,678.282361,2143.700747,1821.816614,952.898041,2060.505642,1712.312391,734.980168,451.048168,864.989907,783.498401,467.985894,1922.379609,1048.420913,811.150166,2188.136085,338.751287,1254.562416,2243.911911,2228.356419,232.943428,2072.299682,2161.813088,549.477705,294.436646,2027.460743,2158.544847,412.621569,83.981766,1066.377573,2541.981753,496.038467,1833.904886,2024.679599,2263.511217,2141.521397,1342.245699,962.766633,716.960703,916.037718,1427.214581,2555.118763,2220.007824,2165.975766,1771.985647,795.766568,411.449876,1458.475311,1719.318561,1807.302801,512.175037,1982.352613,2528.099401,1266.624265,2250.125838,2344.679137,679.545233,1034.292262,576.665881,1748.74828,127.399897,164.302122,1274.265695,2273.694074,480.077174,424.715081,2068.911222,2169.732665,2165.435901,826.84034,1936.557975,336.720666,2169.713279,1143.979507,346.071313,1549.560039,255.33012,355.840612,2249.282864,546.061812,583.261915,1057.643968,817.03415,744.531629,2045.425126,374.774257
21843,902.424181,1504.851498,718.830658,269.565483,788.182712,2345.191051,873.159265,583.460561,229.968119,556.085091,1191.445517,624.754119,689.253022,743.877122,1844.277799,678.282361,0.0,1631.230165,1645.479393,614.928861,1548.03506,1566.5367,158.471764,334.238851,848.923062,231.947605,626.796404,1409.909027,609.568927,301.054062,1671.426665,423.257884,1147.795593,1698.79136,1676.805623,840.634799,1559.8291,1649.342506,403.619327,714.238853,1703.213791,1636.193878,422.824254,594.300596,805.585045,2011.548334,301.549691,1519.004348,1512.209017,1718.390666,1629.050815,829.775117,699.261306,778.31812,454.624087,1124.150016,2003.567966,1674.887273,1653.505184,1457.085109,457.797388,487.367341,906.924515,1573.54287,1546.071568,166.107324,1632.960104,1976.548604,715.073469,1705.005287,1799.558586,213.906699,702.476261,933.564102,1602.972589,742.728996,779.631221,1388.57732,1722.143277,275.358908,567.990287,1517.360426,1618.181869,1635.406317,176.672656,1385.007179,448.04259,1657.242697,1106.041981,844.51346,998.009243,870.659219,514.651121,1704.162313,977.291941,119.464702,850.595166,620.330766,93.739066,1532.954545,792.528803
1089,2327.155112,629.274661,1989.181614,1582.771046,1286.090288,3027.269075,1191.729297,2156.965852,1780.204208,2136.170184,852.597301,2255.984283,2269.338115,1192.364269,1136.062478,2143.700747,1631.230165,0.0,473.301297,1953.603519,395.246441,613.586798,1545.336608,1914.323944,1349.357046,1628.61892,1996.313873,541.233606,1208.278891,1390.714423,414.627738,1804.949461,1253.245527,470.403564,679.126316,2230.93183,282.170511,239.506971,1594.223042,2109.34297,500.548186,425.236823,1740.655612,2174.385688,1124.155077,1326.002798,1754.710289,408.65061,119.021148,490.00287,223.84184,1050.950343,1197.168882,1464.362759,1759.466013,754.108881,876.369751,446.499477,408.079066,445.626709,1931.864029,1737.616157,1192.66956,560.583288,472.599049,1797.337489,430.294499,705.796141,1145.493056,476.617491,571.17079,1527.112262,1111.601251,2531.848469,584.564004,2271.100643,2270.341263,1784.564033,1198.534019,1906.589073,1818.239103,790.734781,479.830532,408.752174,1564.618574,1487.05014,1829.734166,389.949451,1415.402826,2442.797827,1101.839478,2284.134835,1896.342698,475.774517,2234.58056,1750.694867,1169.165199,1327.086991,1613.752624,330.28894,2131.140263
1042,1967.648265,171.189426,1661.932196,1592.433063,1007.311028,3401.804687,850.180035,1926.734982,1823.769605,2129.130702,484.595407,2270.233511,2000.505784,1206.613497,1510.59809,1821.816614,1645.479393,473.301297,0.0,2094.892302,770.222963,147.698596,1559.585836,1928.573172,1031.866267,1769.907703,1669.064455,915.769219,1146.053664,1404.963652,789.60426,1557.36924,893.73868,845.380086,1054.102839,1871.424982,657.147034,630.115333,1458.379219,1749.836123,205.644129,800.213345,1486.847844,1905.79838,870.455879,1700.538411,1692.954112,126.475046,414.242887,864.979392,686.860745,1065.199571,1060.904665,1104.855912,1900.754796,641.630765,1251.346274,821.475999,783.055588,188.394285,2051.598875,1477.72448,1400.418398,102.498053,130.472613,1811.586717,213.098415,1168.815046,1353.241894,851.594013,946.147312,1541.36149,973.564662,2276.781512,111.262707,1949.216511,1910.834416,1366.465196,1573.069632,1920.838301,1490.989684,1165.270393,854.807054,783.728696,1578.867802,1861.585752,1585.502831,771.181454,1055.895979,2113.043143,1309.588316,1924.627988,1574.458565,850.751039,1875.073713,1764.944095,1003.316064,1190.822774,1628.001852,364.900657,1803.890845
21810,1175.027578,2003.684836,1302.183752,832.816437,1287.01605,2093.654795,1371.992603,858.076241,384.960743,746.977165,1690.278855,599.974433,880.145096,888.278805,1694.425672,952.898041,614.928861,1953.603519,2094.892302,0.0,1716.779477,2065.370038,721.722718,566.44885,1350.282808,432.249234,1222.281638,1568.193208,1172.819881,864.305016,1764.46366,1018.743118,1646.628931,1791.828355,1769.842618,1145.719307,1759.428932,1852.230082,966.870281,1207.266791,2152.6267,1729.230873,1018.309488,868.916276,1304.418383,1760.012078,824.332759,1968.417257,1951.199991,1811.42766,1828.650647,1096.152786,1198.094644,1341.569074,194.137506,1573.562924,1975.675114,1767.924268,1751.279494,1906.498018,157.131473,1050.618295,999.96151,2072.376208,1995.484477,620.554715,2082.373013,2069.585599,808.110463,1798.042282,1892.595581,777.157653,1201.309599,821.770836,2101.805927,1017.344677,971.76657,1951.828274,1572.29115,472.820868,1131.241241,1584.504082,1711.218864,1728.443312,629.862546,1235.155052,982.907212,1825.987114,1604.875319,824.493725,1091.046237,1062.794568,1110.136355,1797.199308,1470.319879,623.176956,1349.428504,1183.58172,612.962776,1982.367453,1327.672298
779,2253.169195,827.490751,1905.986509,1499.575941,1202.895183,2641.461714,1108.534192,2073.770747,1543.380166,2052.975079,830.924765,2060.794056,2186.14301,1109.169164,750.255117,2060.505642,1548.03506,395.246441,770.222963,1716.779477,0.0,811.802888,1462.141503,1831.128839,1266.161941,1391.794878,1913.118768,292.496305,1125.083786,1307.519319,127.630443,1721.754356,1231.572991,183.406269,290.544087,2156.945913,200.699394,293.500544,1511.027937,2035.357054,809.887036,121.414908,1657.460508,2091.190584,1040.959973,940.195438,1671.515184,643.747918,396.264954,203.005575,220.32502,870.121985,1113.973777,1390.376842,1522.641971,732.436345,589.372457,159.502182,105.470124,643.842798,1695.039986,1654.421052,924.82139,758.799378,670.815138,1663.118242,739.633349,522.019928,908.669014,189.620196,284.173495,1443.917157,1028.406147,2359.67935,848.238777,2187.905539,2196.355346,1762.891497,812.726659,1749.198468,1735.043998,404.92742,192.833237,104.930259,1481.423469,1163.876504,1746.539061,109.207637,1341.416909,2280.553397,834.413156,2210.148918,1813.147593,188.777222,2160.594643,1631.990577,1085.970094,1243.891887,1530.557519,633.883033,2047.945158
929,1858.144042,61.685203,1552.427972,1482.92884,897.806805,3443.384612,740.675812,1817.230759,1744.826912,2019.626478,375.091184,2191.290818,1891.001561,1177.091233,1552.178015,1712.312391,1566.5367,613.586798,147.698596,2065.370038,811.802888,0.0,1480.643142,1849.630479,922.362044,1700.506259,1559.560232,957.349143,1036.54944,1326.020958,831.184185,1447.865017,784.234457,886.960011,1095.682763,1761.920759,698.726958,671.695257,1348.874996,1640.3319,353.342725,841.79327,1377.34362,1796.294156,760.951656,1742.118335,1583.449889,229.879329,494.56565,906.559316,767.948673,1072.904521,951.400442,995.351688,1871.232532,532.126542,1292.926198,863.055924,824.635512,229.974209,1972.656181,1368.220256,1408.123348,53.00351,140.98775,1732.644024,360.797011,1225.573669,1360.946844,893.173938,987.727237,1462.418797,864.060439,2167.277289,36.43589,1839.712287,1801.330192,1256.960972,1614.649556,1841.895607,1381.485461,1206.850317,896.386978,825.30862,1499.925109,1874.189857,1475.998608,812.761379,946.391756,2003.53892,1317.293266,1815.123765,1464.954342,892.330964,1765.56949,1686.001402,893.811841,1081.318551,1549.059159,512.599253,1694.386622
21842,969.111633,1418.95794,580.461035,111.093719,702.289155,2260.378569,787.265707,691.868328,336.761976,664.492857,1105.551959,783.225882,797.660788,657.983565,1768.638074,734.980168,158.471764,1545.336608,1559.585836,721.722718,1462.141503,1480.643142,0.0,442.646617,700.116708,292.441323,587.593294,1324.015469,523.675369,212.786027,1589.771945,396.228882,1061.902035,1623.151635,1601.165897,872.88835,1473.935543,1563.448948,245.147563,746.492403,1617.320234,1560.180707,331.935033,702.708362,719.691487,1926.735851,283.032962,1433.11079,1426.31546,1642.75094,1543.157257,743.881559,613.367749,629.511766,530.55305,1038.256458,1927.928241,1599.247547,1567.611626,1371.191551,564.591245,328.895578,831.284789,1487.649313,1460.178011,324.579088,1547.066546,1900.908879,639.433743,1629.365562,1723.918861,55.434935,616.582704,1060.171143,1517.079031,851.136763,888.038988,1239.770965,1646.503552,433.830671,409.518524,1441.7207,1542.542144,1559.766592,91.860173,1309.367454,421.013587,1571.349139,1020.148424,971.120501,922.369517,941.710883,487.622119,1628.522588,867.276905,277.936466,764.701609,471.524412,140.994223,1447.060987,722.419684
21870,675.189988,1787.945277,850.580437,405.659877,1042.429336,2531.58096,1156.253044,356.226368,364.478272,287.532973,1474.539296,558.659178,420.700904,1002.749097,2051.785086,451.048168,334.238851,1914.323944,1928.573172,566.44885,1831.128839,1849.630479,442.646617,0.0,1030.272147,439.454891,758.546183,1682.663499,892.662705,581.773363,1878.933951,555.007663,1430.889372,1906.298646,1884.312909,643.869434,1842.922879,1932.436284,539.713721,705.416917,1986.30757,1843.701164,554.574033,367.066402,1088.678824,2197.938243,322.482886,1802.098127,1795.302796,1925.897952,1912.144594,1112.868896,953.50793,959.667206,571.994209,1407.243794,2211.075253,1882.394559,1865.749786,1740.178888,409.317377,623.461736,1114.431801,1856.636649,1829.165347,168.131527,1916.053883,2184.055891,922.580755,1912.512573,2007.065872,387.211683,985.57004,625.55828,1886.066368,515.494803,512.322379,1553.635296,1929.650564,136.033664,704.084681,1724.867712,1825.689155,1842.913604,510.911506,1592.514466,481.057339,1940.336476,1389.13576,536.507638,1205.516529,603.350376,646.4009,1911.669599,968.470006,248.706401,1133.688945,807.270166,427.977916,1816.048323,825.822425
253,1029.350064,860.676842,705.105488,624.612271,224.789915,2755.237319,208.853006,920.469843,1027.213274,1141.864976,547.270861,1473.67718,1043.679077,462.004003,1655.064656,864.989907,848.923062,1349.357046,1031.866267,1350.282808,1266.161941,922.362044,700.116708,1030.272147,0.0,982.89262,712.237748,1128.035907,253.656818,547.869,1393.792384,551.07789,464.612069,1449.56821,1465.281501,933.126781,1277.955981,1367.469386,496.148741,811.537922,1237.510396,1364.201145,477.207609,948.971672,276.427226,1911.947609,723.098841,1043.954539,1230.335898,1469.167515,1347.177696,547.901997,152.188164,148.029204,1156.145302,637.264234,1792.043845,1425.664122,1371.632064,982.0353,1255.042543,474.168153,717.711371,929.368215,1017.352454,1015.030385,1192.402266,1765.024483,670.534867,1455.782137,1550.335436,680.271055,239.528167,1338.483311,958.797933,992.389803,972.536214,832.998345,1532.930134,1059.301154,534.162977,1311.641926,1376.003083,1371.092199,782.31147,1195.794036,575.862596,1375.369578,394.437346,1174.744942,792.290742,986.329787,617.631857,1454.939163,936.775511,909.278544,247.065499,298.425929,831.445521,1251.081425,847.064137
21822,1007.640221,1638.821057,872.902357,403.535042,922.152271,2133.392685,1007.128824,688.676601,151.585288,661.301131,1325.415076,691.625484,794.469062,563.294206,1612.330195,783.498401,231.947605,1628.61892,1769.907703,432.249234,1391.794878,1700.506259,292.441323,439.454891,982.89262,0.0,793.000243,1243.208609,743.538485,435.023621,1439.479061,589.461723,1281.765152,1466.843756,1444.858019,961.365797,1434.444333,1527.245483,537.588886,834.96985,1827.642101,1404.246274,589.028093,699.516635,939.554604,1799.749968,452.035819,1643.432658,1626.215392,1486.443062,1503.666048,771.168187,833.230865,912.287679,238.111728,1248.578326,1771.620362,1442.939669,1426.294896,1581.513419,379.414557,621.3369,674.976911,1707.512429,1670.499878,271.323364,1757.388414,1744.601,483.125865,1473.057683,1567.610982,347.876258,836.44582,1000.435468,1736.942148,847.945036,884.847261,1522.546878,1490.195673,380.029896,701.959846,1285.412822,1386.234265,1403.458713,200.581151,1153.059575,610.610272,1501.002515,1240.01154,911.384826,766.061639,975.875259,680.85496,1472.214709,1098.022939,240.1957,984.564725,754.300325,183.681381,1657.382855,958.732642
21961,468.68924,1497.875029,92.034254,476.499575,882.616225,2758.994605,846.051193,572.904262,837.320896,779.842996,1184.469048,1122.454755,646.675065,1108.960831,2267.25411,467.985894,626.796404,1996.313873,1669.064455,1222.281638,1913.118768,1559.560232,587.593294,758.546183,712.237748,793.000243,0.0,1774.992735,901.034039,663.763293,2040.749211,203.53852,1101.810257,2096.525037,2099.781934,372.465957,1924.912808,2014.426214,402.090832,319.976016,1874.708584,2011.157973,277.408802,551.96766,913.625413,2425.351888,449.863383,1681.152727,1877.292725,2116.124343,1994.134523,1194.858825,810.014474,564.208544,1031.11197,1274.462421,2426.544277,2072.62095,2018.588892,1619.233488,1065.150165,258.697717,1329.900826,1566.566402,1654.550642,792.903727,1829.600454,2399.524915,1138.04978,2102.738964,2197.292263,532.158359,886.905388,925.860001,1595.996121,500.840587,559.912905,1121.513536,2145.119588,787.575189,178.074771,1940.336737,2022.959911,2018.049027,679.453466,1807.98349,302.627138,2022.326405,991.227347,762.121633,1420.985554,573.706477,112.145283,2101.89599,447.110629,637.552579,904.891808,669.647276,609.318863,1898.038253,165.732399
554,2115.043162,939.162727,1767.860475,1361.449907,1064.769149,2606.246632,970.408159,1931.88521,1394.793896,1904.509739,692.798732,1912.207787,2037.67767,971.043131,715.040035,1922.379609,1409.909027,541.233606,915.769219,1568.193208,292.496305,957.349143,1324.015469,1682.663499,1128.035907,1243.208609,1774.992735,0.0,986.957753,1169.393285,340.180488,1583.628322,1093.446958,367.545183,345.559446,2018.819879,347.059019,439.860169,1372.901904,1897.23102,955.433291,304.947701,1519.334474,1942.725244,902.833939,904.980355,1533.38915,789.294173,542.205088,387.144488,416.280734,721.535716,975.847743,1252.250808,1374.055702,594.310312,672.321789,343.641096,326.996322,747.917418,1546.453717,1516.295019,807.259249,904.345633,816.361393,1514.531972,885.179604,645.302427,760.082745,373.75911,468.312409,1305.791123,890.280113,2211.09308,993.785032,2049.779505,2058.229312,1624.765463,777.511576,1600.612198,1596.917964,369.712338,286.935692,304.16014,1343.297435,1066.027697,1608.413028,401.703942,1203.290875,2131.967128,716.429167,2072.022885,1675.021559,372.916136,2022.468609,1483.404308,947.84406,1105.765853,1392.431486,785.174045,1909.819125
242,1249.183858,974.864238,893.90178,561.109807,190.39006,2549.446667,343.172005,1061.686018,787.859138,1114.508945,661.458257,1234.323045,1227.110083,320.925849,1513.986501,1048.420913,609.568927,1208.278891,1146.053664,1172.819881,1125.083786,1036.54944,523.675369,892.662705,253.656818,743.538485,901.034039,986.957753,0.0,369.053185,1252.714229,709.669627,617.808333,1308.490055,1324.203347,1152.960575,1136.877826,1226.391232,498.943208,1031.371716,1280.262517,1223.122991,645.375778,1132.402679,275.597785,1770.869455,733.04905,1096.053074,1089.257743,1328.089361,1206.099541,406.823843,101.468654,401.686022,981.650213,701.198742,1650.96569,1284.585968,1230.55391,1034.133835,1015.688408,642.336323,576.633217,1043.555611,1123.120294,775.67625,1210.00883,1623.946328,529.456713,1314.703982,1409.257281,505.451023,172.489002,1510.18723,1072.985329,1175.82081,1192.370008,1033.18469,1391.851979,884.927834,722.959269,1170.563771,1234.924929,1230.014045,542.957335,1054.715881,734.454332,1234.291423,576.054722,1394.492225,651.212588,1206.163581,801.062864,1313.861008,1156.609305,729.033628,320.607907,231.386763,592.091385,1110.003271,1035.860429
211,1021.26586,1264.335756,656.631033,250.220465,547.66697,2240.931802,632.643523,824.415271,479.344274,803.619603,950.929775,925.80818,936.787534,503.361381,1696.422033,811.150166,301.054062,1390.714423,1404.963652,864.305016,1307.519319,1326.020958,212.786027,581.773363,547.869,435.023621,663.763293,1169.393285,369.053185,0.0,1435.149761,472.39888,907.279851,1490.925587,1506.638879,925.042577,1319.313358,1408.826764,261.672462,803.453718,1462.698049,1405.558523,408.105032,841.835108,565.069303,1907.289085,422.159708,1278.488606,1271.693275,1510.524893,1388.535073,589.259375,458.745564,477.264059,673.135348,883.634274,1833.401223,1467.0215,1412.989442,1216.569367,707.173543,405.065576,759.068749,1333.027129,1305.555827,467.161385,1392.444362,1806.381861,619.986977,1497.139514,1591.692813,194.561681,461.960519,1199.297888,1362.456847,938.550063,964.45201,1087.523258,1574.287511,576.412969,485.688522,1352.999303,1417.360461,1412.449577,234.44247,1237.151413,497.183586,1416.726955,865.52624,1110.247247,833.64812,978.245583,563.792117,1496.29654,928.691307,420.518763,610.079425,319.276705,283.576521,1292.438803,798.589683
907,2380.799638,846.872047,2033.616952,1627.206383,1330.525626,2660.071308,1236.164635,2128.155662,1591.064348,2100.780191,958.555208,2108.478239,2233.948122,1181.196081,790.503945,2188.136085,1671.426665,414.627738,789.60426,1764.46366,127.630443,831.184185,1589.771945,1878.933951,1393.792384,1439.479061,2040.749211,340.180488,1252.714229,1435.149761,0.0,1849.384798,1359.203434,55.775827,264.498579,2284.576355,220.080691,312.881841,1638.65838,2162.987496,829.268333,59.104226,1785.09095,2138.995696,1168.590415,958.805031,1799.145627,663.129215,415.646251,75.375132,226.50579,917.806168,1241.60422,1518.007285,1570.326154,860.066788,461.742014,31.871739,29.92472,663.224095,1742.724169,1782.051495,972.505573,778.180675,690.196435,1710.802424,759.014646,397.002527,956.353197,61.989754,156.543053,1571.5476,1156.036589,2407.363532,867.620074,2287.424097,2323.985789,1890.521939,852.975487,1796.88265,1862.67444,445.176248,65.202794,52.760903,1609.053912,1211.560687,1874.169504,115.388407,1469.047352,2328.23758,882.097339,2337.779361,1940.778035,61.14678,2288.225086,1679.67476,1213.600537,1371.522329,1592.448793,640.063803,2175.575601
21911,572.882752,1386.179815,295.572774,285.135163,700.828246,2576.624736,734.355978,443.669654,633.782376,650.608388,1072.773834,1045.155721,517.440457,917.596418,2084.884242,338.751287,423.257884,1804.949461,1557.36924,1018.743118,1721.754356,1447.865017,396.228882,555.007663,551.07789,589.461723,203.53852,1583.628322,709.669627,472.39888,1849.384798,0.0,990.115042,1905.160625,1917.412065,476.659469,1733.548396,1823.061801,210.726419,350.263522,1763.013369,1819.79356,73.870282,422.733052,778.112311,2242.982019,246.324864,1569.457512,1685.928313,1924.75993,1802.770111,1003.494412,624.520628,452.513329,827.573451,1162.767206,2244.174409,1881.256537,1827.224479,1507.538273,861.611646,144.267479,1147.530957,1454.871187,1542.855427,589.365208,1717.905239,2217.155047,955.679911,1911.374552,2005.927851,340.793947,695.540976,906.361863,1484.300906,466.151183,503.053408,1009.818321,1962.74972,584.036669,160.267706,1757.966868,1831.595498,1826.684614,488.089054,1625.613622,99.088618,1830.961993,879.532132,684.822599,1238.615685,554.208339,91.393237,1910.531578,613.316611,434.014059,723.103829,478.282864,405.780343,1706.67384,369.270919
333,1400.394067,722.549255,1094.677997,1064.187733,479.065698,3051.583442,303.05744,1359.480784,1326.085805,1566.419517,409.143274,1772.549711,1433.251586,758.350126,1781.522905,1254.562416,1147.795593,1253.245527,893.73868,1646.628931,1231.572991,784.234457,1061.902035,1430.889372,464.612069,1281.765152,1101.810257,1093.446958,617.808333,907.279851,1359.203434,990.115042,0.0,1414.97926,1430.692552,1304.170784,1243.367031,1271.357868,930.133889,1182.581925,1099.382809,1329.612196,941.819677,1338.544181,342.210549,1979.011164,1164.708781,905.826952,1134.22438,1434.578566,1312.588746,664.910577,532.659335,537.601713,1452.491425,499.136647,1757.454896,1391.075173,1337.043115,843.907713,1553.915074,910.470282,1000.129404,791.240627,879.224867,1313.902917,1054.274679,1730.435533,952.9529,1421.193187,1515.746486,1043.67769,445.319332,1709.527314,820.670346,1381.962313,1343.580218,690.136021,1659.388384,1423.1545,923.735486,1382.967196,1341.414134,1336.50325,1081.184002,1478.044866,1040.474665,1340.780628,488.641781,1545.788945,909.299322,1357.37379,1007.204367,1420.350213,1307.819515,1267.260294,475.070734,662.577444,1130.318052,1154.969907,1236.636647
945,2410.621766,902.647873,2089.392778,1682.982209,1386.301452,2648.237555,1291.940461,2155.520357,1618.429043,2128.144886,1014.331034,2135.842934,2261.312817,1208.560776,807.200101,2243.911911,1698.79136,470.403564,845.380086,1791.828355,183.406269,886.960011,1645.547771,1906.298646,1449.56821,1466.843756,2096.525037,367.545183,1308.490055,1490.925587,55.775827,1905.160625,1414.97926,0.0,252.664827,2314.398483,275.856517,368.657667,1694.434206,2192.809624,885.044159,86.468921,1840.866776,2166.360391,1224.366241,946.971278,1854.921453,718.905041,471.422077,76.570622,282.281616,945.170863,1297.380046,1573.783111,1597.690849,915.842614,449.908262,51.174173,85.700546,718.999921,1770.088864,1837.827321,999.870268,833.956501,745.972261,1738.167119,814.790472,368.699358,983.717892,30.2193,128.239883,1627.323426,1211.812415,2434.728227,923.3959,2314.788792,2351.691016,1946.297765,873.840356,1824.247345,1918.450267,472.540943,84.505228,85.681361,1636.713258,1238.925382,1929.94533,171.164233,1524.823178,2355.602275,909.462034,2367.601489,1996.553861,32.84361,2318.047213,1707.039455,1269.376363,1427.298155,1619.813488,695.839629,2231.351427
