,85138,6314,2313,82946,6541,82792,81728,7525,86901,6635,82655,82701,6911,3360,5007,4489,1712,5863,9500,3948,3980,3111,9003,7414,7393,5623
85138,0.0,227.152966,2034.503458,1170.167069,1293.811019,221.852089,407.284452,609.078395,1347.92766,485.256162,1288.573822,512.895421,283.703812,1210.759679,952.18238,1009.880835,2252.877532,794.681223,522.970388,1201.655731,1191.891282,1288.982578,296.082999,316.568985,1125.291025,716.54449
6314,227.152966,0.0,1917.464534,1061.271354,1305.812233,403.346824,588.779187,621.079609,1239.031945,452.952071,1300.575035,665.078645,295.705026,983.606714,835.143456,900.98512,2135.838608,719.692885,738.232362,1092.760017,1014.122786,1180.086864,477.577734,518.017061,1137.292239,599.505566
2313,2034.503458,1917.464534,0.0,2193.806293,1418.782718,2208.372522,2323.232296,1656.143111,1588.084524,1726.193851,1413.54552,1922.505158,1892.60987,1254.765358,1195.869387,2043.779668,274.641072,1467.582387,2545.582854,1989.517743,991.101372,1561.726188,2145.731811,2263.441306,1581.771078,1361.387863
82946,1170.167069,1061.271354,2197.89097,0.0,2188.305888,1382.94961,1568.381973,1600.682395,743.240823,1426.846092,2183.06869,1644.681432,1275.307812,1053.749471,1671.874247,177.950022,2274.675339,1581.736203,1469.883541,269.57756,1403.879565,684.295742,1457.180521,1069.031153,2116.895025,1461.548883
6541,1293.811019,1305.812233,1418.782718,2188.305888,0.0,1327.828555,1404.605403,769.502142,2150.719531,942.865488,25.960909,1003.878265,1092.95464,1720.307027,764.690493,2028.019654,1637.156793,667.927156,1668.933619,2219.79455,1245.46517,2124.361195,1265.187844,1610.380004,310.525817,795.498426
82792,221.852089,403.346824,2208.372522,1382.94961,1327.828555,0.0,185.432364,645.805419,1560.710201,661.45002,1353.789464,452.989566,459.897671,1386.953538,1128.376238,1222.663376,2426.746597,970.875082,409.848807,1414.438273,1368.085141,1501.76512,74.230911,538.421073,1074.539044,892.738348
81728,407.284452,588.779187,2325.061143,1568.381973,1407.913439,185.432364,0.0,730.307422,1746.142564,792.38462,1433.874348,534.014263,645.330034,1572.385901,1313.808601,1408.095739,2543.435217,1101.809682,468.247317,1599.870636,1553.517504,1687.197483,208.497247,723.853437,1154.623928,1078.170711
7525,609.078395,621.079609,1656.143111,1600.682395,769.502142,645.805419,726.999385,0.0,1778.442986,275.140085,795.46305,326.272248,408.222016,1386.218704,804.448414,1440.396161,1874.517186,485.301055,986.910482,1632.171058,1164.235304,1719.497905,583.164708,925.64738,516.212631,513.977306
86901,1348.598888,1239.703174,1588.084524,713.397937,2150.719531,1561.38143,1746.813793,1779.114215,0.0,1575.670832,2145.482333,1823.113251,1453.739632,454.192048,1425.620583,606.073748,1673.067451,1577.31313,1577.213845,509.109387,985.651479,58.945082,1635.61234,1223.117435,2156.221991,1457.125811
6635,485.256162,452.952071,1726.193851,1426.846092,942.865488,661.45002,792.38462,275.140085,1575.670832,0.0,937.62829,549.901251,284.399782,1154.870119,643.872773,1266.559858,1944.567925,443.735692,996.335558,1458.334754,985.106162,1545.661601,613.055289,801.825146,791.352715,408.234883
82655,1288.573822,1300.575035,1413.54552,2183.06869,25.960909,1353.789464,1430.566311,795.46305,2145.482333,937.62829,0.0,1029.839174,1087.717442,1715.069829,759.453296,2022.782456,1631.919595,662.689959,1694.894528,2214.557353,1240.227972,2119.123997,1291.148753,1605.142806,336.486726,790.261229
82701,512.895421,665.078645,1922.505158,1644.681432,1003.878265,452.989566,530.706226,326.272248,1822.442022,549.901251,1029.839174,0.0,452.221052,1535.527093,1090.384971,1484.395198,2140.879233,771.237612,794.09463,1676.170094,1450.17186,1763.496941,390.348855,829.464406,750.588754,799.913862
6911,283.703812,295.705026,1892.60987,1275.307812,1092.95464,459.897671,645.330034,408.222016,1453.068403,284.399782,1087.717442,452.221052,0.0,1166.153474,845.66111,1115.021578,2110.983945,593.824844,794.783209,1306.796475,1123.783112,1394.123322,515.37509,600.272797,924.434646,610.023219
3360,1210.759679,983.606714,1254.765358,1044.115661,1720.307027,1386.953538,1572.385901,1386.218704,454.192048,1154.870119,1715.069829,1535.527093,1166.153474,0.0,995.208079,893.463237,1422.894624,1156.512417,1660.550467,839.827111,555.238975,427.833712,1461.184448,1227.33896,1735.421278,1036.325098
5007,952.18238,835.143456,1195.869387,1671.874247,764.690493,1128.376238,1313.808601,804.448414,1425.620583,643.872773,759.453296,1090.384971,845.66111,995.208079,0.0,1511.588013,1414.243462,444.978954,1463.261776,1665.599594,487.301717,1399.262247,1202.607149,1268.751364,821.816234,306.809289
4489,1009.880835,900.98512,2043.779668,177.950022,2028.019654,1222.663376,1408.095739,1440.396161,640.045229,1266.559858,2022.782456,1484.395198,1115.021578,893.463237,1511.588013,0.0,2188.043893,1421.449969,1309.597307,191.774897,1243.593331,581.100148,1296.894287,908.744919,1956.608791,1301.262649
1712,2252.877532,2135.838608,274.641072,2270.590663,1637.156793,2426.746597,2541.606371,1874.517186,1673.067451,1944.567925,1631.919595,2140.879233,2110.983945,1422.894624,1414.243462,2163.266474,0.0,1685.956462,2763.956929,2066.302113,1209.475446,1646.709115,2364.105886,2434.681796,1800.145153,1579.761938
5863,794.681223,719.692885,1467.582387,1581.736203,667.927156,970.875082,1101.809682,485.301055,1577.31313,443.735692,662.689959,771.237612,593.824844,1156.512417,444.978954,1421.449969,1685.956462,0.0,1305.76062,1613.224865,804.765844,1550.954795,922.48035,1111.250208,704.740456,154.507845
9500,522.970388,738.232362,2545.582854,1460.926888,1668.933619,409.848807,465.540298,986.910482,1553.335194,996.335558,1694.894528,794.09463,794.783209,1660.843775,1463.261776,1300.640654,2763.956929,1305.76062,0.0,1476.025265,1702.970679,1494.390112,432.913691,533.185079,1415.644108,1227.623886
3948,1201.655731,1092.760017,1996.602099,269.57756,2219.79455,1414.438273,1599.870636,1632.171058,525.387805,1458.334754,2214.557353,1676.170094,1306.796475,839.827111,1675.395459,191.774897,2073.386469,1613.224865,1493.084195,0.0,1251.403967,466.442724,1488.669183,1100.519815,2148.383688,1493.037546
3980,1191.891282,1014.122786,991.101372,1403.879565,1245.46517,1368.085141,1553.517504,1164.235304,985.651479,985.106162,1240.227972,1450.17186,1123.783112,555.238975,487.301717,1243.593331,1209.475446,804.765844,1702.970679,1241.608102,0.0,959.293143,1442.316051,1413.424129,1302.590911,666.596179
3111,1289.653807,1180.758093,1561.726188,654.452855,2124.361195,1502.436348,1687.868712,1720.169133,58.945082,1546.33283,2119.123997,1764.16817,1394.794551,427.833712,1399.262247,547.128667,1646.094995,1550.954795,1518.268763,450.164305,959.293143,0.0,1576.667259,1164.172354,2129.863656,1430.767475
9003,296.082999,477.577734,2145.731811,1457.180521,1265.187844,74.230911,208.497247,583.164708,1634.941112,613.055289,1291.148753,390.348855,515.37509,1461.184448,1202.607149,1296.894287,2364.105886,922.48035,432.913691,1488.669183,1442.316051,1575.99603,0.0,612.651984,1011.898333,951.1566
7414,316.568985,518.017061,2263.441306,1069.031153,1610.380004,538.421073,723.853437,925.64738,1182.660314,801.825146,1605.142806,829.464406,600.272797,1227.33896,1268.751364,908.744919,2434.681796,1111.250208,546.203803,1100.519815,1413.424129,1123.715233,612.651984,0.0,1441.86001,1033.113474
7393,1125.291025,1137.292239,1581.771078,2116.895025,310.525817,1074.539044,1151.315892,516.212631,2156.221991,791.352715,336.486726,750.588754,924.434646,1735.421278,821.816234,1956.608791,1800.145153,704.740456,1415.644108,2148.383688,1302.590911,2129.863656,1011.898333,1441.86001,0.0,733.416706
5623,716.54449,599.505566,1361.387863,1461.548883,795.498426,892.738348,1078.170711,513.977306,1457.125811,408.234883,790.261229,799.913862,610.023219,1036.325098,306.809289,1301.262649,1579.761938,154.507845,1227.623886,1493.037546,666.596179,1430.767475,951.1566,1033.113474,733.416706,0.0
