,11824,13021,83980,11114,84070,13033,12605,12841,13013,9649,11682,13229,10602,11165,12435,11862,12833,13020,8794,10657,12405,13602,10279,9927,83981,85214
11824,0.0,490.363179,246.838391,263.331235,574.016797,380.389748,289.96248,263.626479,485.041917,546.880446,202.684363,484.468847,622.016622,424.818785,202.91002,112.512419,352.898308,429.624543,791.278301,476.010277,307.820587,578.315291,313.733918,572.230222,79.395676,629.449415
13021,490.363179,0.0,549.7682,577.736295,1009.914063,308.185241,390.026032,228.498445,60.786275,891.198349,681.478375,115.778007,796.533065,622.366361,393.553878,564.979957,137.464871,60.738636,1191.365308,862.334654,232.51309,218.478192,771.933344,1030.429648,537.595103,973.767317
83980,246.838391,549.7682,0.0,481.179599,743.451587,274.53803,186.53297,323.0315,544.446938,755.199478,187.686055,539.190184,824.087644,626.889808,176.18829,134.325972,412.303329,489.029565,960.713091,385.809234,375.786552,632.054624,531.582282,571.247953,297.244041,809.838129
11114,263.331235,577.736295,481.179599,0.0,503.898798,611.557232,521.129964,494.793962,516.95002,385.183083,394.366873,573.555696,514.399252,368.160484,434.077504,375.843654,441.985157,518.711392,725.706175,519.601041,346.936938,684.071731,335.137736,593.634041,183.935559,467.752051
84070,602.932575,1009.914063,798.088481,503.898798,0.0,951.158572,860.731304,834.395302,949.127788,118.715715,700.637255,1010.118588,755.966139,674.275736,773.678844,708.995369,878.548049,955.274284,365.708351,493.891899,783.49983,1120.634623,344.440061,439.766154,523.536899,107.754228
13033,380.389748,308.185241,274.53803,611.557232,921.730425,0.0,115.154141,135.616528,302.863979,895.106443,459.758052,281.723038,954.465277,757.26744,177.479729,357.030899,260.918005,247.446606,1138.991929,564.088072,351.159199,374.587478,661.959914,749.526792,427.621673,977.675411
12605,289.96248,390.026032,186.53297,521.129964,831.815525,115.154141,0.0,163.289332,384.70477,804.679175,374.219024,369.094902,864.038009,666.840172,87.052461,266.455778,252.561161,329.287397,1049.077029,499.114108,260.731931,461.959341,571.532646,684.552828,337.194405,887.248143
12841,263.626479,228.498445,323.0315,494.793962,805.479523,135.616528,163.289332,0.0,223.177183,778.343173,454.741675,221.824373,837.702007,640.50417,166.817178,338.243257,145.201561,167.759809,1022.741027,635.612638,225.931011,314.688813,545.196644,803.692948,310.858403,860.912141
13013,485.041917,60.786275,544.446938,516.95002,949.127788,302.863979,384.70477,223.177183,0.0,830.412074,676.157113,165.631411,735.74679,561.580086,388.232616,559.658695,132.143609,55.417374,1130.579033,857.028076,227.191828,276.147446,766.612082,1025.108386,532.273841,912.981042
9649,546.880446,891.198349,764.728811,385.183083,118.715715,895.106443,804.679175,778.343173,830.412074,0.0,677.916084,891.402873,637.250424,555.560022,717.626715,659.392865,759.832334,836.558569,340.523093,505.360329,664.784116,1001.918908,288.387932,451.234584,467.48477,82.568969
11682,202.684363,681.478375,187.686055,394.366873,675.65176,459.758052,374.219024,454.741675,676.157113,677.916084,0.0,675.584043,824.700984,627.503147,323.77956,124.330998,544.013504,620.73974,892.913264,328.387667,498.935783,769.430487,444.769556,448.824723,222.988663,742.038302
13229,484.468847,115.778007,539.190184,573.555696,1010.118588,281.723038,369.094902,221.824373,165.631411,891.402873,675.584043,0.0,798.401322,692.86445,382.975862,559.085626,131.57054,110.214038,1231.925965,801.704525,226.618758,110.516035,766.039013,987.143245,531.700771,973.971841
10602,622.016622,804.728594,824.087644,513.119037,754.685925,954.465277,864.038009,837.702007,743.942319,635.97021,824.700984,852.241893,0.0,197.197837,776.985549,724.622583,758.491747,799.359692,780.059026,831.956937,663.443529,872.061006,639.985234,841.628063,652.82251,718.539179
11165,424.818785,622.366361,626.889808,368.160484,630.768897,757.26744,666.840172,640.50417,561.580086,555.560022,627.503147,692.86445,197.197837,0.0,579.787712,527.424746,561.293911,616.997459,699.648838,703.602728,466.245693,790.074005,559.575045,711.471415,472.05071,638.12899
12435,202.91002,393.553878,176.18829,434.077504,744.763065,177.479729,87.052461,166.817178,388.232616,717.626715,323.77956,382.975862,776.985549,579.787712,0.0,207.281143,256.089007,332.815243,962.024569,514.68822,219.57223,475.840302,484.480186,700.12694,250.141945,800.195683
11862,112.512419,564.979957,134.325972,375.843654,684.009874,357.030899,266.455778,338.243257,559.658695,659.392865,124.330998,559.085626,724.622583,527.424746,207.281143,0.0,427.515086,504.241322,901.271378,363.497858,382.437365,652.932069,426.246336,548.936578,191.908095,741.961833
12833,352.898308,137.464871,412.303329,441.985157,878.548049,260.918005,252.561161,145.201561,132.143609,759.832334,544.013504,131.57054,758.491747,561.293911,256.089007,427.515086,0.0,76.726236,1100.355426,724.884467,95.048219,242.086574,634.468473,892.964778,400.130232,842.401302
13020,429.624543,60.738636,489.029565,518.711392,955.274284,247.446606,329.287397,167.759809,55.417374,836.558569,620.73974,110.214038,791.164164,616.997459,332.815243,504.241322,76.726236,0.0,1177.081662,801.610703,171.774454,220.730072,711.194709,969.691013,476.856468,919.127538
8794,786.393312,1191.365308,965.202396,725.706175,365.708351,1134.619309,1044.192041,1017.856039,1130.579033,340.523093,884.097992,1231.925965,781.339241,699.648838,957.139581,892.456107,1100.355426,1177.081662,0.0,636.867774,1005.307208,1332.544851,527.900798,582.742029,706.997637,290.348646
10657,463.145448,841.021725,372.944405,515.276218,440.024669,546.295188,481.321224,617.819754,839.235192,451.772561,294.921767,780.391596,833.237151,751.546748,496.895336,350.63303,707.091583,783.817819,657.286174,0.0,670.574806,862.019154,391.463666,262.289144,414.476723,506.411212
12405,307.820587,232.51309,375.786552,346.936938,783.49983,351.159199,260.731931,225.931011,227.191828,664.784116,498.935783,226.618758,663.443529,466.245693,219.57223,382.437365,95.048219,171.774454,1005.307208,688.367691,0.0,337.134793,589.390752,847.887057,355.052511,747.353084
13602,578.315291,218.478192,632.054624,684.071731,1120.168335,374.587478,461.959341,314.688813,276.147446,1001.918908,769.430487,110.516035,853.769479,803.380485,475.840302,652.932069,242.086574,220.730072,1337.42984,871.642775,337.134793,0.0,859.885457,1057.081495,625.547215,1084.487876
10279,313.733918,771.933344,531.582282,335.137736,315.524282,661.959914,571.532646,545.196644,766.612082,288.387932,444.769556,766.039013,641.265448,559.575045,484.480186,426.246336,634.468473,711.194709,532.785786,391.463666,589.390752,859.885457,0.0,347.751801,234.338242,370.9569
9927,564.407927,1022.607354,590.403758,585.811746,367.833846,763.754541,698.780577,795.870653,1017.286092,379.581737,448.824723,997.850949,891.939457,810.249055,714.354689,554.451443,885.142483,961.868718,585.09535,261.321572,840.064762,1079.478507,362.838252,0.0,485.012251,434.220388
83981,79.395676,537.595103,297.244041,183.935559,494.621121,427.621673,337.194405,310.858403,532.273841,467.48477,222.988663,531.700771,654.102725,472.05071,250.141945,191.908095,400.130232,476.856468,711.882625,418.801546,355.052511,625.547215,234.338242,492.834546,0.0,550.053739
85214,629.449415,973.767317,823.147142,467.752051,107.754228,977.675411,887.248143,860.912141,912.981042,82.568969,742.042737,973.971841,719.819393,638.12899,800.195683,741.961833,842.401302,919.127538,290.348646,494.81252,747.353084,1084.487876,370.9569,440.686775,550.053739,0.0
