,8376,9978,11329,8274,12058,4600,5695,86363,9855,8590,11851,10511,2713,6411,4357,11939,10100,8651,5486,6819,3516,11809,85492,86204,3668,11025
8376,0.0,2651.228961,1469.974289,828.482246,2221.674118,1320.059147,811.125441,736.286373,497.349638,755.455789,1319.80431,1405.857715,1932.29451,505.661226,1444.350495,1229.2733,501.958165,508.747841,673.611783,415.734729,1652.980359,1394.393736,1554.055412,1201.277832,2277.503011,945.545117
9978,2647.65076,0.0,1864.101363,1911.01673,1340.1041,2581.279027,2683.589827,2818.765734,2358.353689,2045.767905,2254.010972,1712.15182,2590.610167,2724.547089,2468.292314,2358.535428,2451.236897,2167.032241,2976.334734,2622.113946,2558.644765,2095.678604,1324.449744,3003.726612,2025.00475,2276.828028
11329,1469.974289,1861.084592,0.0,740.550467,1017.054431,1649.729019,1514.540058,1608.924411,1084.603398,888.826604,557.805214,153.424129,1749.472453,1546.870618,1549.654005,639.717976,1161.837296,989.35577,1798.658263,1444.437475,1661.260008,295.25331,679.410954,2015.906115,1823.460148,766.971083
8274,828.482246,1909.842728,740.550467,0.0,1480.287885,1106.917314,811.939604,1345.097888,884.685842,264.75562,1020.663782,647.641587,1342.680844,895.325467,1127.629043,958.988256,977.56905,493.155733,1147.113111,792.892324,1254.468399,866.056145,812.669179,1351.216379,1449.020765,850.902369
12058,2222.867062,1340.1041,1017.054431,1486.233032,0.0,2147.284686,2231.4708,2393.982036,1884.117125,1620.984206,1396.172713,863.630302,2212.862869,2299.76339,2034.297973,1478.085474,1961.351022,1742.248542,2551.551035,2197.330247,2124.650424,1217.142578,667.618707,2569.73227,1762.701901,1566.48481
4600,1320.059147,2592.019555,1649.729019,1106.917314,2147.284686,0.0,549.390586,1938.745446,1504.477029,1033.890856,1791.986288,1556.820139,785.89678,979.183486,292.680596,1701.455278,1596.027695,1130.503473,920.335376,904.324419,506.582629,1777.690996,1479.665979,523.097417,1182.369722,1509.103318
5695,811.125441,2683.832318,1514.540058,811.939604,2231.4708,549.390586,0.0,1429.811739,1017.437851,738.913147,1497.008579,1421.631177,1197.695867,487.232254,673.681934,1406.477569,1108.988518,737.001417,569.004571,395.390712,918.916536,1482.713287,1563.852094,635.464578,1568.813407,1201.928015
86363,736.286373,2925.106488,1678.554039,1461.937607,2478.067765,1938.745446,1429.811739,0.0,762.252987,1275.110815,1491.18972,1614.437464,2550.980808,1124.347525,2063.036794,1369.698178,669.36978,1125.697224,1292.298081,1034.421028,2271.666657,1602.973485,1827.932939,1819.96413,2862.183248,1085.599374
9855,497.349638,2377.529957,1084.603398,910.874594,1884.117125,1504.477029,1017.437851,642.197919,0.0,727.534284,934.433419,1020.486823,2138.60692,747.47628,1628.768376,843.902408,92.883208,513.513211,998.188336,645.043137,1859.292769,1009.022845,1280.356409,1407.590242,2314.606717,515.830647
8590,755.455789,2062.541946,888.826604,264.75562,1632.987104,1033.890856,738.913147,1158.271096,697.85905,0.0,862.692474,800.340805,1607.436463,822.299009,1158.182204,772.161464,790.742258,399.862561,1074.086654,719.865866,1403.416806,813.246051,965.368398,1278.189921,1713.776385,664.075576
11851,1319.80431,2252.836969,557.805214,1020.663782,1396.172713,1791.986288,1497.008579,1458.754432,934.433419,862.85812,0.0,554.186439,2139.382062,1396.700638,1916.277636,121.491542,977.897286,839.185791,1648.488283,1294.267495,2051.169617,290.756915,1080.173263,2033.165111,2224.222457,496.649809
10511,1405.857715,1707.660463,153.424129,647.641587,863.630302,1556.820139,1421.631177,1544.807836,1020.486823,800.340805,554.186439,0.0,1656.563573,1482.754043,1456.745125,652.196962,1097.720721,925.239196,1734.541688,1380.3209,1568.351128,385.00137,525.986825,1922.997235,1670.036019,702.854508
2713,1932.29451,2590.610167,1749.472453,1342.680844,2212.862869,785.89678,1197.695867,2550.980808,2138.60692,1607.436463,2139.382062,1656.563573,0.0,1587.823402,524.013933,2243.906518,2230.157587,1778.808754,1515.033775,1516.559781,279.314151,1981.049694,1545.244163,856.453465,606.672996,2157.408598
6411,505.661226,2728.125289,1546.870618,895.325467,2298.570447,979.183486,487.232254,1124.347525,747.47628,822.299009,1396.700638,1482.754043,1587.823402,0.0,1103.474834,1306.169628,834.846306,575.591061,471.260931,112.922495,1308.509251,1471.290064,1630.951741,851.710812,1984.296344,1022.441446
4357,1444.350495,2479.032843,1549.654005,1127.629043,2034.297973,292.680596,673.681934,2063.036794,1628.768376,1158.182204,1916.277636,1456.745125,524.013933,1103.474834,0.0,1825.746626,1720.319043,1254.794821,1044.626724,1028.615767,264.25237,1781.231246,1366.679266,541.440043,895.131473,1633.394665
11939,1229.2733,2357.361425,639.717976,959.153902,1478.085474,1701.455278,1406.477569,1360.833856,843.902408,772.32711,121.491542,652.196962,2243.906518,1306.169628,1825.746626,0.0,856.405745,748.654781,1557.957273,1203.736485,2070.981227,372.669676,1178.183787,1942.634101,2322.232981,375.158267
10100,501.958165,2470.413165,1161.837296,1002.425261,1961.351022,1596.027695,1108.988518,566.022401,92.883208,820.417491,977.897286,1097.720721,2230.157587,834.846306,1720.319043,856.405745,0.0,605.063877,1002.796863,736.593804,1950.843436,1086.256742,1373.239616,1499.140909,2407.489925,569.160839
8651,508.747841,2170.610441,989.35577,493.155733,1741.055599,1130.503473,737.001417,1004.567076,513.513211,399.862561,839.185791,925.239196,1778.808754,575.591061,1254.794821,748.654781,605.063877,0.0,827.378706,473.157918,1500.029422,913.775217,1073.436893,1193.979321,1942.176498,464.926598
5486,673.611783,2979.912934,1798.658263,1147.113111,2550.358092,920.335376,569.004571,1292.298081,998.188336,1074.086654,1648.488283,1734.541688,1515.033775,471.260931,1044.626724,1557.957273,1002.796863,827.378706,0.0,431.70736,1235.719624,1723.077709,1882.739385,778.921185,1911.506717,1274.22909
6819,415.734729,2625.692146,1444.437475,792.892324,2196.137304,904.324419,395.390712,1034.421028,645.043137,719.865866,1294.267495,1380.3209,1516.559781,112.922495,1028.615767,1203.736485,736.593804,473.157918,431.70736,0.0,1237.24563,1368.856922,1528.518598,785.543103,1913.032723,920.008303
3516,1652.980359,2569.385294,1661.260008,1254.468399,2124.650424,506.582629,918.916536,2271.666657,1859.292769,1403.416806,2051.169617,1568.351128,279.314151,1308.509251,264.25237,2070.981227,1950.843436,1500.029422,1235.719624,1237.24563,0.0,1892.837249,1457.031718,577.139315,675.787094,1878.629267
11809,1394.393736,2092.661833,295.25331,866.056145,1217.142578,1777.690996,1482.713287,1533.343858,1009.022845,813.246051,290.756915,385.00137,1981.049694,1471.290064,1781.231246,372.669676,1086.256742,913.775217,1723.077709,1368.856922,1892.837249,0.0,910.988195,2021.990061,2055.037389,691.39053
85492,1555.248355,1309.192026,679.410954,818.614325,667.618707,1479.665979,1563.852094,1726.363329,1265.951284,953.3655,1080.173263,525.986825,1545.244163,1632.144684,1366.679266,1178.183787,1358.834491,1074.629836,1883.932329,1529.711541,1457.031718,910.988195,0.0,1902.113564,1295.584698,1184.425623
86204,1201.277832,3014.46714,2015.906115,1351.216379,2569.73227,523.097417,635.464578,1819.96413,1407.590242,1278.189921,2033.165111,1922.997235,856.453465,851.710812,541.440043,1942.634101,1499.140909,1193.979321,778.921185,785.543103,577.139315,2021.990061,1902.113564,0.0,1252.926408,1658.905918
3668,2277.503011,2025.00475,1823.460148,1449.020765,1762.701901,1182.369722,1568.813407,2745.36457,2284.952525,1713.776385,2224.222457,1670.036019,606.672996,1984.296344,895.131473,2322.232981,2377.835733,1942.176498,1911.506717,1913.032723,675.787094,2055.037389,1295.584698,1252.926408,0.0,2260.514149
11025,945.545117,2275.654025,766.971083,850.902369,1566.48481,1509.103318,1201.928015,1016.247954,515.830647,664.075576,496.649809,702.854508,2157.408598,1022.441446,1633.394665,375.158267,569.160839,464.926598,1274.22909,920.008303,1878.629267,691.39053,1178.480477,1658.905918,2266.579077,0.0
