,8376,12138,7219,6085,10338,85311,5358,11939,82752,11509,11324,11715,6151,11739,11180,82642,10614,6972,11959,4912,11562,11865,11892,80462,6993,7234
8376,0.0,721.213481,2007.794041,2047.447547,686.552511,867.173872,905.023703,1229.2733,887.879959,711.728143,1452.511752,2578.523945,1186.532124,675.637231,798.380495,818.499545,923.912077,424.753083,1486.287434,1142.356633,1024.987812,1109.329293,742.8203,731.824369,332.42551,1806.894306
12138,721.213481,0.0,2387.297005,2426.950511,736.555262,529.206085,1583.882107,871.165036,524.142755,160.222565,1303.490732,2477.316822,1651.191833,124.131653,656.640046,429.79362,771.602975,1066.334507,1285.016308,1764.999457,786.111454,830.360856,144.097445,1252.441659,1011.283915,2087.518017
7219,2007.794041,2378.65403,0.0,378.721184,2498.632399,2591.70369,1836.237833,2040.908968,2612.409777,2322.450194,1675.325137,879.084281,1302.481168,2333.07778,2537.749722,2098.088512,1791.942606,2243.552205,1745.7044,1731.401159,2042.528871,2017.114781,2400.26085,1697.511922,1973.446324,316.63491
6085,2047.447547,2418.307536,378.721184,0.0,2538.285905,2631.357196,1629.512317,2080.562474,2652.063283,2362.1037,1714.978643,1153.758982,1095.755652,2372.731286,2577.403228,2137.742018,1831.596112,2283.205711,1785.357906,1392.433212,2082.182377,2056.768287,2439.914355,1545.877568,2013.09983,356.288416
10338,686.552511,770.112262,2594.182844,2633.83635,0.0,533.235722,1473.97614,1455.192818,602.881112,760.626924,1685.820835,2854.110039,1790.53447,724.536012,154.685623,922.425315,1153.933079,825.259215,1719.596517,1711.309069,1252.166319,1336.507799,791.719081,1335.826715,901.377947,2305.080392
85311,867.173872,529.206085,2600.346665,2640.000171,512.934259,0.0,1663.832949,1221.383501,142.901301,519.720747,1516.540392,2690.366482,1864.241493,483.629835,358.248636,681.519137,984.652635,1052.659369,1550.316073,1901.165878,1076.465394,1160.806875,539.598085,1465.491319,1091.234756,2300.567677
5358,905.023703,1583.882107,1836.237833,1629.512317,1473.97614,1663.832949,0.0,1408.297755,1684.539036,1548.953361,1542.651489,2590.140812,533.756666,1538.305857,1585.804123,1324.591679,1102.936531,818.483383,1576.427171,298.074319,1295.388489,1298.33638,1605.488927,473.048224,572.598193,1635.338098
11939,1229.2733,871.165036,2040.908968,2080.562474,1383.810655,1221.383501,1408.297755,0.0,1242.089588,764.635677,513.197067,1872.67709,1353.585402,825.588786,1348.817462,589.597347,334.782932,1475.084572,413.851273,1523.752763,226.069509,150.731465,892.771855,1011.194965,1204.978691,1724.274058
82752,887.879959,524.142755,2621.052752,2660.706258,602.881112,142.901301,1684.539036,1242.089588,0.0,540.426834,1537.246479,2711.072569,1884.94758,485.806627,455.876828,702.225225,1005.358722,1073.365456,1571.02216,1921.871966,1097.171481,1181.512962,457.252135,1486.197406,1111.940843,2321.273764
11509,711.728143,160.222565,2331.093169,2370.746675,727.069924,519.720747,1548.953361,764.635677,540.426834,0.0,1242.545994,2416.372085,1594.987997,114.646315,647.154708,289.732478,684.524611,1056.849169,1178.486949,1708.795621,679.582095,723.831497,181.829384,1196.237823,1001.798577,2031.314181
11324,1452.511752,1303.490732,1675.325137,1714.978643,1614.438672,1516.540392,1542.651489,513.197067,1537.246479,1242.545994,0.0,1507.093259,1121.501287,1257.914482,1640.210785,952.813516,558.021384,1698.323024,117.898398,1658.106498,739.266576,663.928532,1325.097551,1234.433417,1428.217143,1358.690227
11715,2579.716888,2477.316822,879.084281,1153.758982,2773.808661,2690.366482,2590.140812,1872.67709,2711.072569,2416.372085,1507.093259,0.0,2056.384147,2431.740573,2812.925984,2126.639607,1731.847475,2825.52816,1577.472522,2504.674701,1995.520323,1948.763069,2498.923642,2321.916478,2555.42228,1111.555305
6151,1186.532124,1642.527818,1302.481168,1095.755652,1762.506186,1855.577477,533.756666,1353.419756,1876.283564,1586.323982,1121.501287,2056.384147,0.0,1596.951568,1801.623509,1361.9623,1088.787454,1191.169584,1191.88055,611.300958,1324.776563,1313.959629,1664.134637,541.444483,945.284394,1101.581433
11739,675.637231,124.131653,2341.720755,2381.374261,690.979012,483.629835,1538.305857,825.588786,485.806627,114.646315,1257.914482,2431.740573,1605.615583,0.0,611.063796,384.217371,726.026726,1020.758257,1239.440059,1719.423207,740.535204,784.784607,67.18307,1206.86541,965.707665,2041.941767
11180,798.380495,656.640046,2629.77779,2669.431296,154.685623,378.5501,1585.804123,1348.817462,455.876828,647.154708,1640.210785,2814.036876,1893.672618,611.063796,0.0,808.953099,1108.323029,974.630543,1673.986467,1823.137053,1203.899355,1288.240836,678.246865,1447.654699,1013.205931,2340.675338
82642,818.499545,429.79362,2106.731487,2146.384993,888.868315,681.519137,1324.591679,589.597347,702.225225,289.732478,952.813516,2126.639607,1370.626315,384.217371,808.953099,0.0,394.792133,1129.646789,986.589198,1478.491149,450.796981,542.071816,451.40044,965.933351,859.540908,1801.009709
10614,923.912077,771.602975,1799.410702,1839.064208,1082.550916,984.652635,1102.936531,334.782932,1005.358722,684.524611,558.021384,1731.847475,1088.9531,726.026726,1108.323029,394.792133,0.0,1169.723349,591.797066,1218.39154,263.672849,265.550478,793.209795,705.833742,899.617468,1482.775792
6972,424.753083,1066.334507,2243.552205,2283.205711,825.259215,1052.659369,818.483383,1475.084572,1073.365456,1056.849169,1698.323024,2824.335217,1187.765082,1020.758257,974.630543,1129.646789,1169.723349,0.0,1732.098706,1038.833838,1270.799084,1355.140564,1087.941326,890.340194,423.905503,2042.65247
11959,1486.287434,1285.016308,1745.7044,1785.357906,1648.214354,1550.316073,1576.427171,413.851273,1571.02216,1178.486949,117.898398,1577.472522,1191.88055,1239.440059,1673.986467,986.589198,591.797066,1732.098706,0.0,1691.882179,639.920782,564.582737,1306.623128,1268.209099,1461.992825,1429.06949
4912,1142.356633,1764.999457,1731.401159,1392.433212,1711.309069,1901.165878,298.074319,1523.752763,1921.871966,1708.795621,1658.106498,2504.674701,611.300958,1719.423207,1823.137053,1478.491149,1218.39154,1038.833838,1691.882179,0.0,1410.843497,1413.791388,1786.606277,588.503232,809.931123,1530.501424
11562,1024.987812,786.111454,2049.996967,2089.650473,1180.784156,1076.465394,1295.388489,226.069509,1097.171481,679.582095,739.266576,1995.520323,1324.776563,740.535204,1203.899355,450.796981,263.672849,1270.799084,639.920782,1410.843497,0.0,101.288876,807.718273,898.2857,1000.693203,1733.362057
11865,1109.329293,830.360856,2024.582877,2064.236383,1265.125637,1160.806875,1298.33638,150.731465,1181.512962,723.831497,663.928532,1948.763069,1314.125275,784.784607,1288.240836,542.071816,265.550478,1355.140564,564.582737,1413.791388,101.288876,0.0,851.967676,901.23359,1085.034684,1707.947967
11892,742.8203,144.097445,2408.903824,2448.55733,758.162081,539.598085,1605.488927,892.771855,457.252135,181.829384,1325.097551,2498.923642,1672.798653,67.18307,678.246865,451.40044,793.209795,1087.941326,1306.623128,1786.606277,807.718273,851.967676,0.0,1274.048479,1032.890734,2109.124836
80462,731.824369,1252.441659,1697.511922,1545.877568,1335.826715,1465.491319,473.048224,1011.194965,1486.197406,1196.237823,1234.433417,2349.031679,541.444483,1206.86541,1447.654699,965.933351,705.833742,890.340194,1268.209099,588.503232,898.2857,901.23359,1274.048479,0.0,567.059754,1496.612187
6993,332.42551,1011.283915,1973.446324,2013.09983,901.377947,1091.234756,572.598193,1204.978691,1111.940843,1001.798577,1428.217143,2554.229336,941.879892,965.707665,1013.205931,859.540908,899.617468,423.905503,1461.992825,809.931123,1000.693203,1085.034684,1032.890734,567.059754,0.0,1772.546589
7234,1806.894306,2080.049921,316.63491,356.288416,2211.365772,2293.099581,1635.338098,1724.274058,2313.805668,2023.846085,1358.690227,1111.555305,1101.581433,2034.473671,2250.483095,1793.541613,1475.307696,2042.65247,1429.06949,1530.501424,1725.893961,1700.479871,2101.65674,1496.612187,1772.546589,0.0
